Migration_Rate	FST
1e-09	-0.0012695158033793064
1e-09	-0.00026476916713935594
1e-09	-0.0002855836470154749
1e-09	-0.0008192928732599913
1e-09	0.0007109297460254904
1e-09	0.00045846042718789004
1e-09	0.0005476152472938534
1e-09	3.829295942925359e-05
1e-09	0.00017638056551216863
1e-09	-0.00030495026979826534
1e-09	0.0011115030099524414
1e-09	-0.0006811370751309553
1e-09	-0.0009923181493041167
1e-09	0.0003420011494175146
1e-09	0.0007093751984791341
1e-09	0.00013116717675798473
1e-09	0.0037812174623597095
1e-09	-0.0008683991555133996
1e-09	0.0011363033096637443
1e-09	-0.0008766903743606669
1e-09	-0.0012055967326451977
1e-09	-0.0010651474069109934
1e-09	-0.0005960718527964204
1e-09	0.00034546882503028176
1e-09	-0.00045272186029388095
1e-09	0.0003131248464870451
1e-09	0.0003647952822265488
1e-09	-0.0004433580653062652
1e-09	0.0021121409922040257
1e-09	-0.0013182448112183387
1e-09	0.0003377280915071168
1e-09	0.0014517571613318347
1e-09	0.0006889008237372929
1e-09	-0.00043226201901447325
1e-09	-0.00028313040814342827
1e-09	-0.0005684121174704959
1e-09	0.00011765295203058912
1e-09	0.00024484256587786746
1e-09	0.0016270841934505897
1e-09	0.00026506172411944195
1e-09	-0.0017669879121802179
1e-09	0.0001810737767812265
1e-09	-0.00015039629374635766
1e-09	0.0012315185729950828
1e-09	-0.00019213180825783382
1e-09	-0.0007411698374002462
1e-09	0.0009943206366591628
1e-09	0.0010983090154731423
1e-09	0.00023059914935419368
1e-09	-0.0010071302226770662
1e-09	-9.390940880349419e-05
1e-09	0.001138553058588454
1e-09	0.0005827498057991987
1e-09	-0.00019549498767923446
1e-09	0.0009193990938919372
1e-09	0.0012083814948321558
1e-09	-0.0006951785987141523
1e-09	0.0005577455913221563
1e-09	-1.7961759093632068e-05
1e-09	-0.0009868378711213044
1e-09	-0.00030692594136727536
1e-09	-0.0011224441666222162
1e-09	-0.0006876578683132628
1e-09	0.0002149783369274072
1e-09	-0.0005023095884062467
1e-09	-0.0015001649813370932
1e-09	0.0023014224303548048
1e-09	-2.2244865591769525e-06
1e-09	0.0001445589448346718
1e-09	-0.0007078959946216212
1e-09	-0.0018725563763706266
1e-09	0.0013616211868195949
1e-09	-0.00042190537813247
1e-09	-0.0003131588611124947
1e-09	0.0005659210297253026
1e-09	0.0003047569409390105
1e-09	-0.001864089612181985
1e-09	0.0011596584974785662
1e-09	-0.0009126848858416192
1e-09	-0.0010193608176904956
1e-09	0.0007209206391981526
1e-09	-0.0004720720700335246
1e-09	-0.0008355345937487435
1e-09	2.201343476304629e-05
1e-09	-1.6779552267420783e-05
1e-09	-0.0002944260340786986
1e-09	0.0009775193326344578
1e-09	-0.00020957638434104808
1e-09	-0.0008456936034941798
1e-09	0.0002317935386931813
1e-09	-5.6005686078330896e-05
1e-09	0.000945490416764061
1e-09	-0.0010580341405987959
1e-09	-0.0002906558435213924
1e-09	0.001227967478826364
1e-09	0.00021072206203665012
1e-09	-0.0014476950893778096
1e-09	0.001017790565945642
1e-09	-0.000528677787041465
1e-09	0.0012440619114764129
1e-09	0.0009909873487580212
1e-09	0.0014929109666785845
1e-09	-0.00034655532848981707
1e-09	-0.0008139216606086741
1e-09	-0.0012902129880965063
1e-09	0.00022498895736766666
1e-09	0.0014955331183501563
1e-09	-0.0011630355736740317
1e-09	0.0004218614906178475
1e-09	0.0015533639235394414
1e-09	0.0002647150654174757
1e-09	0.001648416640319894
1e-09	-0.0009043601831946191
1e-09	-0.0014996067765880028
1e-09	0.0006969591584294887
1e-09	-0.0014721378414874753
1e-09	0.0002572382885555058
1e-09	0.00017218642727478972
1e-09	-0.0007739138991431638
1e-09	0.0009473742042384048
1e-09	-0.0004975426029005803
1e-09	-0.0010119400055348393
1e-09	0.0003956438249083094
1e-09	-0.0016089337737419385
1e-09	-0.0011590607269245101
1e-09	-0.00022348815190187388
1e-09	-0.0009203092722376294
1e-09	-0.0005316106472246229
1e-09	-2.938719741663043e-05
1e-09	-4.825828169385815e-05
1e-09	-0.0008105862954437271
1e-09	-0.00016626396540919686
1e-09	0.0005221237552617275
1e-09	4.087189143420211e-05
1e-09	-0.0013942947398870587
1e-09	-0.0012511809928199558
1e-09	5.0669997054386684e-05
1e-09	0.00016801764972163014
1e-09	-0.001994586715101665
1e-09	-0.001268845147690989
1e-09	-0.0011600631026331687
1e-09	0.0015657343885092656
1e-09	0.0019485906051127655
1e-09	0.0017313904585165574
1e-09	-0.0008969826461806552
1e-09	-0.00021767489945112573
1e-09	-0.0005329988296531862
1e-09	0.0006381113254135817
1e-09	0.00042391648944728466
1e-09	-0.0014403458781770961
1e-09	-0.0015723276868151448
1e-09	-0.0002016188516436035
1e-09	-0.0015874094081702594
1e-09	-0.0014352579394145693
1e-09	0.0006969623721290175
1e-09	-0.0002315412177888998
1e-09	-0.0006052353616288197
1e-09	0.0003538836070959839
1e-09	-0.0010779169780377185
1e-09	-0.00019209374987427807
1e-09	-0.0016202689377504687
1e-09	-0.0010105005167149184
1e-09	-0.0012474772609141205
1e-09	0.0008536665591414305
1e-09	-0.0004691711443380875
1e-09	-0.00039652889997165985
1e-09	0.0011085485572351894
1e-09	0.0005521931758866172
1e-09	0.0013145459072680943
1e-09	-0.0007745808986041602
1e-09	0.0002867586525833188
1e-09	-0.001505961232648012
1e-09	0.0009601176541452761
1e-09	-0.0010211994988971185
1e-09	0.0014026032803593491
1e-09	-3.885978184481331e-05
1e-09	-0.0016479835983489455
1e-09	-0.001221023559832446
1e-09	-3.7606767314901646e-05
1e-09	0.00032463002311966527
1e-09	0.00011452204829953683
1e-09	0.00033929614398653385
1e-09	0.0014415123951022624
1e-09	0.0007557503571458124
1e-09	0.0003903254474775242
1e-09	-0.0005530561197979456
1e-09	0.0017020723614762368
1e-09	-0.0019990451531251008
1e-09	0.00036595225743041304
1e-09	-0.0011625560971282312
1e-09	-0.00047380962723875264
1e-09	-0.0014465851862708323
1e-09	0.00015771906859696205
1e-09	0.0009704104178146489
1e-09	7.747878295283339e-05
1e-09	-0.0016503439173014556
1e-09	0.0029308166756113474
1e-09	0.00013919582086185933
1e-09	-0.0002698068283590871
1e-09	0.0016996965660052155
1e-09	-0.0007084791622631315
1e-09	-4.143976242820813e-05
1e-09	0.001000456164295449
1e-09	-0.0013748346631123898
1e-09	-0.0009079692181015453
1e-09	-0.0005219925883197529
1e-09	-0.00066793879016247
1e-09	7.969185360945374e-06
1e-09	0.0021271565934836145
1e-09	-0.0006138971498512724
1e-09	0.0009499609589336266
1e-09	0.0008050110842794389
1e-09	-0.0011917400178138582
1e-09	-0.001282960416784995
1e-09	-0.0002220448843806011
1e-09	0.0010634326369280966
1e-09	0.00014785541365869292
1e-09	0.0003754738451285933
1e-09	0.00010565287372998888
1e-09	-0.0003399581080165692
1e-09	-0.00016167518403809034
1e-09	-6.992386848025944e-05
1e-09	0.00042659756797280846
1e-09	0.0005307252875856872
1e-09	0.0001789452721308038
1e-09	0.00030181447614541224
1e-09	0.0013241581436074235
1e-09	-0.000285201752199038
1e-09	-6.568906377157901e-05
1e-09	-0.00017589249147342834
1e-09	0.0011746164959236527
1e-09	0.0006811109328552778
1e-09	0.00037422285205446215
1e-09	0.0006708652191044218
1e-09	-0.0018272180726872644
1e-09	0.00020636745345481433
1e-09	0.001073102165318307
1e-09	0.0005780260970044138
1e-09	0.001237255661913239
1e-09	-0.0008832560248086541
1e-09	-0.0019225209323154857
1e-09	0.0004118118225346912
1e-09	0.00022731491068128662
1e-09	0.0029893054178163903
1e-09	0.001052127692021232
1e-09	-5.6815638851182015e-05
1e-09	0.001902079976144777
1e-09	-0.00028608159349885476
1e-09	-0.00014550097747734192
1e-09	0.00035022491668834643
1e-09	-0.00040684341841967786
1e-09	-0.00012093713408178886
1e-09	-0.0007499052885711066
1e-09	0.00017898738780941503
1e-09	-0.0013608172077144154
1e-09	-0.0018671777915171273
1e-09	6.164358658222735e-05
1e-09	0.0006566440412038022
1e-09	-0.000521071605636525
1e-09	0.0015498215392703019
1e-09	-0.00129234262283906
1e-09	-0.0007933489790195036
1e-09	-0.00015410490706213587
1e-09	-0.0006570266577752282
1e-09	0.0011447496843919325
1e-09	-0.000513886613905612
1e-09	-0.0004659725821929417
1e-09	0.00033281940707996505
1e-09	0.0007846329267015006
1e-09	0.0007029985618979273
1e-09	-0.00045458202829062877
1e-09	0.0005364414190609512
1e-09	0.0008718843418438205
1e-09	-0.00010742799844232209
1e-09	-0.001123609523743907
1e-09	0.00036777790690079026
1e-09	0.000428840207345238
1e-09	-0.00029016144767046725
1e-09	0.001764676189169534
1e-09	-0.0009983551280390301
1e-09	-0.000873044676775514
1e-09	0.0014183934121843045
1e-09	-0.0015419129783662555
1e-09	-0.0006658210361285555
1e-09	0.0010409987912549656
1e-09	-0.0003734366227585717
1e-09	0.0019000914742894892
1e-09	-0.00016900099909045174
1e-09	-0.00019436941288963894
1e-09	-0.0007844575609450288
1e-09	-0.0007618473382293711
1e-09	-0.0019404741377484491
1e-09	0.0001867061696032568
1e-09	0.001146058370766534
1e-09	0.00041346983739853904
1e-09	-0.00046776163845607677
1e-09	-0.0001806261974641732
1e-09	0.0016688161071061192
1e-09	-0.0019057313530952413
1e-09	-0.0008814923878461833
1e-09	-0.00013062703281407906
1e-09	-0.0003290239721949195
1e-09	0.0013838141767180678
1e-09	0.00038628673012508496
1e-09	0.00041340375577925137
1e-09	-0.0004238503204547772
1e-09	0.0008095892792310266
1e-09	0.0023211944555620034
1e-09	0.0010220102988268698
1e-09	-0.0014757849033739667
1e-09	-0.0007470285160828816
1e-09	8.671351377309566e-05
1e-09	0.0008411723779702118
1e-09	0.00026413049264906174
1e-09	0.0005353863517861823
1e-09	-0.0006814740449270218
1e-09	0.000332018511507437
1e-09	-0.0008643837802999599
1e-09	0.0007703987495180087
1e-09	0.0002820681919116774
1e-09	0.0011736257357419788
1e-09	0.0003775888805651606
1e-09	-0.0019376625861575736
1e-09	0.0006065500318958028
1e-09	0.0017042040260850655
1e-09	0.000700855800040312
1e-09	-0.0003998295008309505
1e-09	0.00220442843152735
1e-09	0.00016698333827203093
1e-09	0.0015396110842735844
1e-09	0.0005806278383750918
1e-09	-4.809798363769602e-05
1e-09	0.00013797197173681663
1e-09	-9.97938986557756e-06
1e-09	-0.0008184704852214342
1e-09	0.0010067235267375851
1e-09	-0.0011296332918167007
1e-09	0.00038476053847358305
1e-09	-0.0012247980998991714
1e-09	-0.0013611866503742132
1e-09	0.0008102811154157008
1e-09	-0.0007171492577442429
1e-09	0.0013635095752270177
1e-09	0.001239924864763986
1e-09	-0.0021879080365698744
1e-09	-0.00021756637292313918
1e-09	-0.00017650037295791066
1e-09	0.0011268208454429107
1e-09	0.0011824657995435084
1e-09	0.0019824398650681863
1e-09	0.0013486275425412808
1e-09	0.0014480905566922608
1e-09	-0.0007259052177832626
1e-09	-0.0007562186261842463
1e-09	0.000494918904558439
1e-09	0.00010707222446693088
1e-09	-0.0006197560915834899
1e-09	0.00028334810781793784
1e-09	-9.681110099513113e-05
1e-09	0.0013312542595886878
1e-09	-0.00045805250104402617
1e-09	0.001831458249411222
1e-09	-0.000788620362471848
1e-09	0.00018178406532221025
1e-09	-0.0011177799193116122
1e-09	0.0003421183410494688
1e-09	5.3751176890992625e-05
1e-09	-0.000560950859040954
1e-09	0.0007308940820452969
1e-09	9.879345333940748e-05
1e-09	0.0006848023063763531
1e-09	-0.0003206068972183562
1e-09	0.0023363335728705525
1e-09	0.0011479402547405204
1e-09	0.000460907207611716
1e-09	0.0012608442112879148
1e-09	0.002042464395164645
1e-09	0.0030960410430743712
1e-09	-0.0017947383184901966
1e-09	-0.00035855588940614247
1e-09	-0.0020648158733640454
1e-09	-0.00011021617726236776
1e-09	0.00038127036095603195
1e-09	-0.00015011157773914263
1e-09	-0.0006928049614054466
1e-09	0.0007649973474199712
1e-09	0.0014976361671789062
1e-09	-0.00012581886341811455
1e-09	0.0010546357867652345
1e-09	0.0003462184724730699
1e-09	-0.0006846547836059091
1e-09	0.0023218294523781324
1e-09	0.0003366721168830411
1e-09	-0.0006582131336656527
1e-09	0.0006252171254468308
1e-09	-0.0009433218065071358
1e-09	0.0012845681922361019
1e-09	-0.0009341349669094168
1e-09	5.624770003576085e-05
1e-09	0.00016448427087945028
1e-09	0.0004210229959226153
1e-09	0.0019295571627893082
1e-09	-0.00039863922753879955
1e-09	-0.0003424857370137868
1e-09	-0.0002471576278213483
1e-09	0.001640873688661948
1e-09	0.0014151610229650169
1e-09	0.0010160896251866225
1e-09	-0.0014717704475804005
1e-09	0.00041677829832842406
1e-09	-0.0018405272549562035
1e-09	0.00012846493331331033
1e-09	0.00028718865705890106
1e-09	0.0005580514118940227
1e-09	0.0005199319693577342
1e-09	-0.0006354138580448865
1e-09	0.00016686761559026042
1e-09	0.0002678447169200959
1e-09	-0.0010985297250918347
1e-09	8.201659691597918e-05
1e-09	0.0007557552181716165
1e-09	0.0003666825874434343
1e-09	-0.002649679249958403
1e-09	5.7826840367258825e-06
1e-09	-0.0011015839425894125
1e-09	-0.001095062700528393
1e-09	0.0013820997931512924
1e-09	0.0005177409433516633
1e-09	-0.0006677062391522437
1e-09	-0.0005227807211627411
1e-09	-0.001417502932539838
1e-09	-0.0002740354835621961
1e-09	-0.000986822215283345
1e-09	-0.0013558154648356524
1e-09	-9.346099360674209e-05
1e-09	0.001972382363991887
1e-09	-0.0015344527194796065
1e-09	-0.0006373789274791708
1e-09	0.0005564462241282042
1e-09	0.00034399603635493214
1e-09	-0.0006403962163759047
1e-09	0.0007621376855189155
1e-09	0.0008402745445523774
1e-09	0.0003485805733974834
1e-09	0.0008774413178254115
1e-09	0.0011245947330944528
1e-09	-0.0016589680839231846
1e-09	-0.0009100650090816398
1e-09	-0.000995448660567222
1e-09	0.00010867298050032392
1e-09	0.00038961489454669707
1e-09	0.0005556793581973363
1e-09	0.0012208663856938529
1e-09	-0.00029758902015175615
1e-09	0.00114718817952153
1e-09	0.0008785128679766885
1e-09	-0.0016649262872152626
1e-09	-0.000403690578030913
1e-09	-0.00049018528653888
1e-09	-0.00011653372189424083
1e-09	9.715273031662974e-05
1e-09	-0.000730924054244575
1e-09	-1.1506300669816838e-05
1e-09	-0.00041839145660871324
1e-09	-0.0015111277953472335
1e-09	0.0017189763443256068
1e-09	-0.0017077377597805032
1e-09	0.0021267515273012405
1e-09	0.0015563475155224715
1e-09	0.0010716590161065076
1e-09	0.00016963671543135384
1e-09	0.0010743677526608986
1e-09	-0.00021448853508143628
1e-09	0.0005115524466688948
1e-09	-0.0010350995999173218
1e-09	-0.0007073093282028431
1e-09	-0.0001579754753784357
1e-09	0.0011000342426028542
1e-09	-0.002130601352687833
1e-09	-0.000991412519614654
1e-09	-0.0007188498374681718
1e-09	-0.00040352879026506194
1e-09	-0.0008427746754087195
1e-09	-0.00029734895032551556
1e-09	0.0006412058306980439
1e-09	3.669830277575059e-05
1e-09	-0.0015170480845936307
1e-09	-0.0012473896565330378
1e-09	-0.000494748063665007
1e-09	-0.00021352982760669548
1e-09	0.0012035554761723466
1e-09	-0.0012315843086063705
1e-09	-0.0010852340067160071
1e-09	0.001231986749931413
1e-09	0.0019424747039588075
1e-09	0.0007934913961450407
1e-09	0.0008749829623031502
1e-09	-0.0007283927357104591
1e-09	6.817230396805041e-05
1e-09	0.0006997811891527039
1e-09	0.0008011038642721235
1e-09	-0.0008433475248712519
1e-09	0.0009267695287336064
1e-09	-0.0017365092733518939
1e-09	-0.0003127389184334195
1e-09	0.00030081883460075787
1e-09	0.0023044744833412567
1e-09	-0.000593640216967728
1e-09	0.0004516696659697672
1e-09	0.0013696971481976794
1e-09	0.0005965860025354264
1e-09	-0.002457660488484281
1e-09	0.0005937608282253759
1e-09	-0.000979915650507257
1e-09	0.0011306511703432776
1e-09	0.00027457977616240914
1e-09	-0.0005717537041249887
1e-09	-0.0007083819195179419
1e-09	0.0029645668135562797
1e-09	-3.309839663034886e-05
1e-09	-0.0016770941246206927
1e-09	-0.0001879712100469888
1e-09	0.0009265912415605815
1e-09	0.00044491549410996534
1e-09	0.0007622314975735955
1e-09	0.0001470172652645596
1e-09	2.3264867345607065e-05
1e-09	0.0008675937636647424
1e-09	-0.00026109884031466635
1e-09	0.0006032208722072108
1e-09	0.0008999321249356651
1e-09	-0.0010684771950542071
1e-09	-0.0004891785449085972
1e-09	-0.00015671179342935382
1e-09	-4.599589251608194e-05
1e-09	0.00047941085228497826
1e-09	-0.0016898331240122744
1e-09	-0.0006078026734017694
1e-09	-0.0017273692448998013
1e-09	-4.1455385237032516e-05
1e-09	0.002218265129110719
1e-09	-0.000605083311621124
1e-09	-0.0004348717078226372
1e-09	5.8891197899701986e-05
1e-09	-0.001046545120459319
1e-09	0.00065291503925613
1e-09	0.0012008259110914965
1e-09	-0.0005980590043219713
1e-09	0.00011253923134435517
1e-09	-0.0012749892841288357
1e-09	6.626084398786425e-05
1e-09	0.00020678305359478344
1e-09	0.0014129681892616208
1e-09	-0.0005139016777169214
1e-09	0.0004521977918209297
1e-09	0.0003968118596108239
1e-09	-0.0013580851728303145
1e-09	-0.0006829548958164899
1e-09	-0.0006309203063510349
1e-09	-0.0006660920727519226
1e-09	-0.0010663450451076084
1e-09	-0.0006307026655829606
1e-09	-0.00015304138145255664
1e-09	0.0005730624251292227
1e-09	0.0006010855229794387
1e-09	9.454040854617318e-05
1e-09	-0.0017416875950417854
1e-09	-0.0012653529042454537
1e-09	-0.0005331955363248042
1e-09	-0.0015667716731342374
1e-09	0.0005996665574989901
1e-09	0.001700270189656794
1e-09	0.0015198485682886842
1e-09	-3.9857358794748166e-05
1e-09	0.0007621473248750066
1e-09	0.001034069906910573
1e-09	-4.4916691845031664e-05
1e-09	-0.000939618833509348
1e-09	-0.00272199791865102
1e-09	9.721078972357855e-05
1e-09	0.00010563567482502201
1e-09	-4.924162266783938e-05
1e-09	0.00010760094817441335
1e-09	-0.0009112222237490641
1e-09	-0.00018237999344616895
1e-09	-0.00024712504583157546
1e-09	-0.00023564954547250494
1e-09	0.0014627750368092496
1e-09	0.00027007091011777007
1e-09	0.00046128272604273324
1e-09	-0.0012970233428544198
1e-09	0.0016315476621068248
1e-09	-2.2970342730133098e-05
1e-09	0.0014029685309461248
1e-09	-0.00012184985175722751
1e-09	-0.0001874397076628842
1e-09	0.0025873369388726974
1e-09	-0.0008749818347051352
1e-09	-0.0009841389214719776
1e-09	-0.0005564234048442973
1e-09	0.0005700920902359519
1e-09	0.0010574978812126767
1e-09	-0.00011081019160164018
1e-09	0.00028469933621055876
1e-09	-0.001976673783287808
1e-09	-0.001164474668350124
1e-09	-0.001364991113324665
1e-09	-0.0019510128377051572
1e-09	-0.0007995453334108671
1e-09	-2.7579413941491993e-05
1e-09	0.0006445650709110406
1e-09	0.00031626118574756834
1e-09	0.0008862773733284701
1e-09	0.00045023670261090665
1e-09	0.0007894368367419302
1e-09	-0.0012771066400827369
1e-09	0.00036422731725915813
1e-09	-0.002119130911018452
1e-09	-0.000286543031727593
1e-09	0.0006536651869458732
1e-09	-0.0011727741935276814
1e-09	-0.0008918488201015151
1e-09	0.0003217431068466281
1e-09	0.0013633801273362778
1e-09	-0.00010184834353799133
1e-09	0.00024933996329767893
1e-09	0.00043095223626454793
1e-09	2.2659654828172116e-05
1e-09	-0.0010011709065864682
1e-09	-0.0005402141543753292
1e-09	0.0015514959388717164
1e-09	-0.00034769368083753527
1e-09	-7.536086421788823e-05
1e-09	-0.0004603440640258416
1e-09	-0.0014878170073540087
1e-09	-0.0006071572273607106
1e-09	0.0011817599259513756
1e-09	-0.00041612728363205065
1e-09	0.0010718666062184967
1e-09	4.475770221412656e-05
1e-09	0.00029663691062431496
1e-09	-0.00047319482987195904
1e-09	-0.0008657020430453688
1e-09	0.000818567873336562
1e-09	0.0026545965504010116
1e-09	-0.0001268648144572282
1e-09	-0.000527720312031299
1e-09	0.00014674812927684133
1e-09	-0.0003195936931676968
1e-09	0.0014774479314552114
1e-09	0.0007959292567559784
1e-09	-0.0003167510063299961
1e-09	-5.962355569155697e-05
1e-09	-0.000613342842266329
1e-09	-0.0005389444378725017
1e-09	-0.0014659970166046588
1e-09	0.0005152938840036203
1e-09	0.0007549270592125401
1e-09	-0.0010312783293391359
1e-09	0.0015747417449908374
1e-09	0.00019646037524190252
1e-09	0.0005091945222633898
1e-09	0.0002557646308379846
1e-09	0.00035614087440105635
1e-09	0.0004213819618167358
1e-09	-0.001291066380625816
1e-09	-0.00011433959296280882
1e-09	0.0004808945445198276
1e-09	0.0008487818915496881
1e-09	0.0011307814516667847
1e-09	2.5152878932899192e-05
1e-09	-0.00022628241874755872
1e-09	-0.00026971226158400974
1e-09	4.9097677425780084e-05
1e-09	0.0002585463455689885
1e-09	-0.0007244230429268583
1e-09	0.0014898405553689376
1e-09	0.0008485558005512095
1e-09	0.0010750488548488812
1e-09	-0.0011277269569671677
1e-09	-0.0005873584215487782
1e-09	-2.911229930857573e-05
1e-09	0.000710052068562006
1e-09	-0.00026293974368107875
1e-09	-0.0007696863899138151
1e-09	0.0013082996380788803
1e-09	0.0005394056897247701
1e-09	-0.0014660609900829513
1e-09	0.0005919952066111289
1e-09	-0.0005635531701111418
1e-09	0.0005612776076258097
1e-09	-0.0007993842352995717
1e-09	-0.0013212800740411978
1e-09	-0.0014211454613537455
1e-09	0.0005867610121691458
1e-09	0.0010592302541372334
1e-09	-0.0001645255928754974
1e-09	-0.0016508858947561489
1e-09	0.00014738724308316353
1e-09	0.00026067636905979796
1e-09	0.00022551978088081182
1e-09	-0.0004839691243929689
1e-09	-0.0009703724076035591
1e-09	-0.0005930266350706592
1e-09	-0.00035402267314732505
1e-09	0.00029694221517140296
1e-09	7.365209960807917e-06
1e-09	-0.0008007833685148569
1e-09	0.0021200944012317313
1e-09	0.00037181991311030504
1e-09	0.00024913846486596114
1e-09	0.0012872957246314876
1e-09	0.0006873184616942307
1e-09	-0.00021108038541961527
1e-09	-0.0009464158276903945
1e-09	0.001232217599394514
1e-09	-0.000546458453996701
1e-09	-0.0013118705203478687
1e-09	5.751229269235214e-05
1e-09	-5.7554157635975045e-05
1e-09	-0.0014803624131902726
1e-09	-0.0011755757623370666
1e-09	0.0010295534240148951
1e-09	0.00024058150495764874
1e-09	-0.0006383719416984679
1e-09	0.0015692821468898943
1e-09	0.0005755513745895335
1e-09	0.0007342666200794712
1e-09	-0.0006319389445361701
1e-09	0.0015075543324697405
1e-09	-0.0010841806031163248
1e-09	-0.0001358664811588195
1e-09	0.0024200267634342243
1e-09	-0.0010378436359899101
1e-09	-2.2252407357203907e-05
1e-09	-0.0013985155010172168
1e-09	0.0013787611892412954
1e-09	-0.0018501722615689165
1e-09	0.0017400827003912767
1e-09	0.0005141794001771727
1e-09	8.076375411070202e-05
1e-09	0.000644096046901188
1e-09	0.0004863052772512422
1e-09	-0.000502458752932089
1e-09	-0.0009138764983105396
1e-09	0.0012205341573178208
1e-09	0.00029439663316244147
1e-09	-0.00047751701044718153
1e-09	-0.0013386492339839684
1e-09	0.0008627564247547514
1e-09	0.0005596801139861052
1e-09	3.6747126065939106e-05
1e-09	-0.0013896989998303244
1e-09	0.0005402028219926303
1e-09	0.0003950494404885152
1e-09	-0.0006767494886745773
1e-09	-0.00029598205650116505
1e-09	-0.0007960693974531363
1e-09	0.0023949544405345025
1e-09	0.0005905032194734039
1e-09	8.834542216396013e-05
1e-09	-0.0005148820813813959
1e-09	0.0027938491447984104
1e-09	-0.0010903844728531453
1e-09	0.00010492228509917378
1e-09	0.00011835515418534559
1e-09	-0.00031368939187781386
1e-09	-8.23810345995657e-05
1e-09	0.001636613115627683
1e-09	0.0006454901764034737
1e-09	0.0006775322299024111
1e-09	-0.0002724568541994099
1e-09	-0.0014124834935058672
1e-09	0.00046696888165076444
1e-09	-0.0011965383679821695
1e-09	0.0005915768433645274
1e-09	0.000534280187442393
1e-09	-0.0016667777475214418
1e-09	-0.0006325507452480394
1e-09	-0.0012266804299723155
1e-09	0.0014313265500455197
1e-09	-0.00029494425795917323
1e-09	-0.00030283202601522063
1e-09	0.0005580216788482195
1e-09	-0.00020210988012436815
1e-09	-8.337903774613409e-05
1e-09	0.0008812419260447735
1e-09	-0.001172805719074077
1e-09	0.0001282577988234168
1e-09	-5.5377650291399405e-05
1e-09	-0.0008788719345778073
1e-09	0.0009207753497340043
1e-09	-0.00046300395221776647
1e-09	0.001930502727356287
1e-09	0.0002691046706735367
1e-09	0.0020028986849047747
1e-09	-0.0009632871859843739
1e-09	0.0014568004731883022
1e-09	-0.0012194338987492337
1e-09	-0.0012561652305818072
1e-09	2.536023903465523e-05
1e-09	-0.0009244998228126189
1e-09	-0.0001989571815546043
1e-09	-7.964214288502802e-05
1e-09	-3.4929890989632284e-05
1e-09	0.00018326722290051833
1e-09	-0.00040106032865550034
1e-09	-0.00033873301612130646
1e-09	-9.135562925255414e-05
1e-09	0.000267321293377365
1e-09	-0.0007856972449094002
1e-09	0.0007972231176881506
1e-09	-0.0006648533314372873
1e-09	0.0009246003085492394
1e-09	4.082814020245351e-05
1e-09	-0.0004155759847110918
1e-09	-0.0014477818327010006
1e-09	-4.112343332507429e-05
1e-09	0.0016352880679465498
1e-09	-0.0005961806804699599
1e-09	-0.0002798208720731221
1e-09	0.0007432724960636516
1e-09	0.0014888821687419895
1e-09	-0.001521403153137868
1e-09	-0.00039209952535013137
1e-09	0.001001748369946709
1e-09	0.000560611285603474
1e-09	0.0006948395111193717
1e-09	0.0013027663939791934
1e-09	0.0009249294111430828
1e-09	0.0008967248883807732
1e-09	0.0013397435846685957
1e-09	7.412671318152153e-05
1e-09	-0.0005064550165254644
1e-09	-0.0004960954222650305
1e-09	0.00032034294120064644
1e-09	-0.002011699042821613
1e-09	0.0001833525737651165
1e-09	0.0005309237944167711
1e-09	0.0002982384895289236
1e-09	-0.0006608386569819658
1e-09	0.0008390866318358503
1e-09	-0.0005083356032513642
1e-09	0.00027975319226070106
1e-09	-0.0010307209155773212
1e-09	0.00039315810707041265
1e-09	-0.0008248345426145054
1e-09	-0.0003773074783453012
1e-09	-0.0004871918644628881
1e-09	-0.0005627491450346245
1e-09	-0.00027432225582058045
1e-09	0.0008479633753111226
1e-09	-0.0022099451216188726
1e-09	-0.00148433642483492
1e-09	-0.0007627923240578482
1e-09	-0.0003664524219966214
1e-09	-0.0006964062283758565
1e-09	0.00016151735154801283
1e-09	-0.00048592821897019967
1e-09	-0.0016143980145113535
1e-09	-0.0003594768391401715
1e-09	-0.0023965742209510754
1e-09	0.0012247466512010918
1e-09	-0.0010358931263336757
1e-09	-6.557586496036549e-08
1e-09	0.00015722536070550408
1e-09	0.00010681399140366477
1e-09	0.0004959953831746855
1e-09	0.0003123158654075864
1e-09	0.0005910386058320949
1e-09	-0.0005118154953662746
1e-09	-0.00023862430341869967
1e-09	-0.0007650027062913178
1e-09	-0.0015612922372987281
1e-09	0.0010391058549649168
1e-09	-0.0007937113304647969
1e-09	0.0013809462656784177
1e-09	0.00025418667428622754
1e-09	-0.0013945866949769403
1e-09	0.0010984299040885936
1e-09	0.0005001159825728241
1e-09	0.0003203254285879531
1e-09	-0.001163894769711904
1e-09	-0.00040167501550314455
1e-09	-0.0006932570302689012
1e-09	-0.0011082270309916709
1e-09	0.0004984674469092898
1e-09	-0.0007588529619924067
1e-09	0.0007054283033800512
1e-09	0.00016836523659513603
1e-09	0.000568346903530359
1e-09	-0.0008877630711547901
1e-09	-0.0012059593053033169
1e-09	-0.0002222983712516502
1e-09	-0.0005890627027536066
1e-09	0.0009049966363091633
1e-09	0.001113042454135682
1e-09	0.0002887016860543268
1e-09	-0.0018778107605719185
1e-09	-0.0009034335434128238
1e-09	-4.4094253321524945e-05
1e-09	-0.00044904271648693594
1e-09	0.0011092943212936968
1e-09	0.001759413954178557
1e-09	-5.631500259073441e-05
1e-09	0.0007728611155800591
1e-09	-0.0014707859187588213
1e-09	0.0006347496234864192
1e-09	0.0012219487303983811
1e-09	0.000442533511610943
1e-09	-0.0002937610391025025
1e-09	0.00025001911034316926
1e-09	0.0018143965976835652
1e-09	0.0015255717325264317
1e-09	0.00042521527648187174
1e-09	0.0008519818828349734
1e-09	-0.0004010237113873938
1e-09	0.00024990488484344375
1e-09	0.0012214464246400603
1e-09	0.0005429735859928675
1e-09	-0.00013076707488979267
1e-09	-0.0006828988702576311
1e-09	-0.0008285771984772872
1e-09	0.0006311107372815039
1e-09	-0.001561735198790437
1e-09	0.00026758849661745465
1e-09	0.0001233654137602347
1e-09	0.0006638942295433825
1e-09	0.0001935232361653938
1e-09	0.00012310653704616925
1e-09	-0.0002160067489955786
1e-09	0.00019077296245040287
1e-09	-0.0002868328997811531
1e-09	-0.00038255525769326226
1e-09	0.0004698365629770551
1e-09	0.00038135161922492333
1e-09	0.0021639238671055105
1e-09	0.00028028901876031576
1e-09	-0.001653222529278242
1e-09	0.0018120143417298396
1e-09	-0.001251217332496557
1e-09	-0.0024878786736026726
1e-09	0.0009440139594498742
1e-09	-0.0016540505711697406
1e-09	0.0020963112366130243
1e-09	-0.0004193312408247163
1e-09	1.895020242248524e-05
1e-09	1.9746339659953982e-05
1e-09	-0.0004979726324665368
1e-09	7.145477882386508e-05
1e-09	-0.0005666323021829012
1e-09	-0.000587793406674475
1e-09	-0.000792198722072035
1e-09	-0.0010202841032491694
1e-09	-0.0005029718867632926
1e-09	6.838856671786964e-05
1e-09	0.00198031767604101
1e-09	-0.000863386549193601
1e-09	-0.001706332623743645
1e-09	-0.00016646756865412726
1e-09	-6.688953844324885e-05
1e-09	0.003649043543224595
1e-09	-0.00017295806292749738
1e-09	-0.0013292406086160558
1e-09	-0.0017743113377797215
1e-09	0.00018220615505748494
1e-09	3.856011365155343e-05
1e-09	-0.0016083963067263785
1e-09	-0.000267088368041124
1e-09	0.0005568382579057563
1e-09	0.0002647024429871525
1e-09	9.616515545707305e-05
1e-09	-0.00024306349887814882
1e-09	0.0003593909771303361
1e-09	0.0007168391352737613
1e-09	0.0026796100041823756
1e-09	0.0020390896444969497
1e-09	0.0004312782720879982
1e-09	2.9544271862302907e-07
1e-09	0.001526230163504727
1e-09	0.000615642131908678
1e-09	0.001251017501031737
1e-09	0.0003055182960770564
1e-09	0.0007668974193926203
1e-09	0.0005388677389469576
1e-09	-0.0006056467949961952
1e-09	-0.0018487579618688965
1e-09	0.0009794303390993075
1e-09	0.00033705618126000925
1e-09	-0.0007494454279881602
1e-09	-0.00039442102667019974
1e-09	0.0011590518019213292
1e-09	0.0008798971271894995
1e-09	-0.0005465355400700034
1e-09	-0.00025029015634436824
1e-09	-0.0007093721471480574
1e-09	-0.0018664598130013754
1e-09	-0.0008357216558607661
1e-09	1.5038872566375261e-05
1e-09	-0.0013189500171464363
0.1	0.0003269837507643425
0.1	-0.0016484311732853918
0.1	0.0003837006096710782
0.1	0.003093108085849172
0.1	0.002223753714297505
0.1	0.00034554972193268085
0.1	0.00019265414850866414
0.1	-0.0021743034613423973
0.1	0.001249322578677603
0.1	-0.0008516538301908128
0.1	0.0005159243137933256
0.1	-0.0005998225138086344
0.1	-0.0005113719816383089
0.1	-0.0015485632874774335
0.1	0.0018376359117608931
0.1	0.0008377486679390644
0.1	-0.0002447177297217884
0.1	0.0023135603241768443
0.1	-0.0014137613688469663
0.1	-0.0011363645394710797
0.1	-0.0006166640235032439
0.1	-0.0013770003522903806
0.1	0.001340266616755792
0.1	0.0008977084794083989
0.1	-0.0020803442725108034
0.1	-0.0008354242334236428
0.1	-6.373534887194054e-05
0.1	-0.0007283417628403122
0.1	0.0020059653366167884
0.1	-0.0006104438429661574
0.1	-0.002099536584693862
0.1	-0.0009594856448258415
0.1	-0.0006109996463428136
0.1	0.0009428288098338733
0.1	0.000585126253457191
0.1	0.0013679997776461228
0.1	0.0005688079365369081
0.1	-0.0015243194638954183
0.1	-0.0004115431980284967
0.1	0.0008324641766900287
0.1	-0.0004995216208210085
0.1	0.0011674243968425868
0.1	-0.0003939214760744214
0.1	-5.849971619786842e-06
0.1	0.0003394819414420658
0.1	-0.0011247181068094747
0.1	-0.0003448909031862346
0.1	-0.0002084974188569788
0.1	0.0005392456983477345
0.1	0.00045430862477846556
0.1	0.0007311651878547654
0.1	0.0002251650515890935
0.1	-0.001956141442567505
0.1	0.001259913117192868
0.1	0.0002594159248038297
0.1	0.0005547858016474727
0.1	0.0007421099829906241
0.1	-0.0013274803735601193
0.1	0.0011488974522451123
0.1	0.001185971633686167
0.1	-0.0010868420927692135
0.1	-0.001852647378868033
0.1	-0.0004088196221943008
0.1	0.0011850989800225031
0.1	-0.00036689477999862774
0.1	-0.000655152512472057
0.1	0.002114798005555363
0.1	0.0022645665461038522
0.1	0.00010379383817860077
0.1	-0.0005224084321333589
0.1	0.0006199968031288527
0.1	-0.0004984655876758559
0.1	-0.000431444076524512
0.1	0.0004885362227716739
0.1	-0.0010489864164524576
0.1	0.0013957985922588012
0.1	5.7785244456209917e-05
0.1	-0.001726136923081878
0.1	0.001099068564402228
0.1	0.0010662280458320073
0.1	0.000749747678503554
0.1	-0.0010495462182966708
0.1	-0.0007091331458508598
0.1	0.001216692355751836
0.1	-0.0005465771874244574
0.1	-0.00010517273624466306
0.1	-0.0003411265338384428
0.1	0.0006893497242478341
0.1	0.0009666314947579524
0.1	-0.001900095541965685
0.1	-0.0013108222633126942
0.1	0.00039559689486534655
0.1	-0.0009435565548114866
0.1	0.0005129494950876223
0.1	-0.0009034770362807976
0.1	0.0009593907597036377
0.1	-0.0013571120782058799
0.1	-0.0010530568628619452
0.1	-0.0019506095483532437
0.1	-0.0007750661927239388
0.1	0.0005361997516500905
0.1	0.00041439551926880647
0.1	0.001566671314671142
0.1	0.003135695603223243
0.1	-0.0007618282615691196
0.1	-0.000944582997935095
0.1	0.0005770519756879144
0.1	0.003115165378129947
0.1	-0.00014972532411006156
0.1	-0.0003676235653169435
0.1	0.0005937363457662048
0.1	0.0027231741958534394
0.1	0.0004269431406739299
0.1	-0.0008492835330098369
0.1	-0.0016662428631208925
0.1	0.0002667961136424424
0.1	-0.0006326907462028686
0.1	-5.381674284943294e-05
0.1	-0.000846982945844843
0.1	-0.0005245268353526455
0.1	-0.0001613218751297385
0.1	0.00018379499733689464
0.1	-0.00035382562385133376
0.1	-0.0014858186630035686
0.1	0.000797590058229658
0.1	-0.0005095527783445242
0.1	-0.001325623934522735
0.1	0.0009734132393235395
0.1	-0.0009063287673716225
0.1	0.00018521050260278393
0.1	-0.0009593105239704691
0.1	0.00038760840980078815
0.1	0.0007402379623748789
0.1	-0.0005710897494721756
0.1	0.000975657192382462
0.1	-0.0006646400779644068
0.1	-0.0005018916900885184
0.1	0.0013166647001056075
0.1	0.00011318578326813267
0.1	0.0016751155996362899
0.1	-0.0018350833317681836
0.1	-0.001245584169929037
0.1	-0.0002898478306281316
0.1	-0.00047405068100991876
0.1	-0.0008947373037955231
0.1	0.0008078423721802341
0.1	0.0005360162241841993
0.1	0.002011397113008462
0.1	0.00013802060900691693
0.1	0.0013487822036538644
0.1	0.0015058912738661334
0.1	0.0009793682921294122
0.1	-0.0006260969770410796
0.1	0.00041691866933080135
0.1	-0.001412649772059682
0.1	-0.0014449209311839795
0.1	0.000349185750723624
0.1	-0.002667344561148921
0.1	0.0001366946501526467
0.1	0.0002679646807921543
0.1	0.0007910112384734713
0.1	-0.0007101537616172049
0.1	0.0012696428805685223
0.1	0.0002819280665191659
0.1	0.00048411222178179614
0.1	-0.0001294666506661546
0.1	0.0006065699572322947
0.1	0.0005519579814065034
0.1	0.0004558090739554821
0.1	-0.0008928209960232802
0.1	0.0009462157177880792
0.1	0.00019963669653899618
0.1	0.0007083096157870505
0.1	-0.0007507008753599997
0.1	0.0015040957787478826
0.1	2.0841809112548404e-05
0.1	-0.00047296442408883976
0.1	0.00023338382806592506
0.1	0.00021568294700202717
0.1	-0.0013311412043512938
0.1	0.0005181343691306184
0.1	-0.0006573540182737148
0.1	0.000591897609363734
0.1	0.0011168150839725444
0.1	-0.0004258358403885776
0.1	0.0012739537142922863
0.1	0.001004321159455035
0.1	-0.00023758431885312348
0.1	0.0006520083779351094
0.1	-0.0008086577191872557
0.1	-0.0002228207666690185
0.1	0.0008012543534057226
0.1	-0.00032639311855153785
0.1	0.0013145555254463481
0.1	-0.0010657242729350536
0.1	-0.0006370006325835398
0.1	-0.000545556776626821
0.1	0.002360814403774558
0.1	-0.0008929741016781012
0.1	-0.00016958089780949592
0.1	0.00023786211118470568
0.1	0.0015440633565017015
0.1	0.0013831044026524353
0.1	0.002012033891217735
0.1	0.00022056140855164497
0.1	-0.0010776710185160798
0.1	0.0031122986866158886
0.1	0.00029770149524310785
0.1	-9.655507547567943e-05
0.1	-0.0010677432592041125
0.1	8.561276541263485e-05
0.1	-0.0005184978863348455
0.1	0.0017610488202760566
0.1	-3.4207871135061296e-05
0.1	-0.0007267782288307156
0.1	0.0001395575402597382
0.1	0.0012009217773651937
0.1	0.0005569040514437074
0.1	-0.0002692983700780527
0.1	-0.0022951009689926583
0.1	0.0011170607429995538
0.1	-4.939516503377206e-05
0.1	-0.0012161225659570452
0.1	0.0005604824421518995
0.1	-0.00040424571020669653
0.1	0.000526193577460421
0.1	0.0004665341675825774
0.1	-0.00104365082576785
0.1	-0.001587255241719543
0.1	-0.0008392090890319004
0.1	0.0005423962906971891
0.1	-0.000779756755000971
0.1	0.001024895099840828
0.1	-0.0011322697562370365
0.1	0.0009594933677035122
0.1	-7.784496518392636e-05
0.1	-0.0008060267853038372
0.1	-0.0005901612510292864
0.1	0.001769059150558916
0.1	0.0015894524488379025
0.1	-0.0009126255914722048
0.1	-0.0013865651185767103
0.1	0.0013348531642431993
0.1	0.0008661894379033974
0.1	-0.0016551748535464927
0.1	-0.0006406636837774649
0.1	-0.0012996520058314864
0.1	6.278668475789839e-05
0.1	-8.070762618506144e-05
0.1	-0.0007729621655101493
0.1	-0.0003951148612149069
0.1	1.2606608302712097e-05
0.1	-0.00021637213904601715
0.1	-0.0006331599589999293
0.1	-0.00017214527375686295
0.1	-3.414149156921731e-05
0.1	-0.0010764455739884493
0.1	0.0020580131537554225
0.1	0.0010671047465555805
0.1	-0.0008551487978658567
0.1	-0.0005848221681439281
0.1	-0.0006055736083194763
0.1	0.0011116994458445495
0.1	3.0376678974652904e-05
0.1	0.0004472754968475323
0.1	-0.0006189047659199698
0.1	-0.0005050814935971815
0.1	-0.0009728564501498838
0.1	-0.00011593541277421515
0.1	0.0009701444351482014
0.1	-0.00010775695831166665
0.1	0.002703234999502646
0.1	0.0001713519668742336
0.1	-0.0004129833774935143
0.1	0.0004533094885396105
0.1	0.00025469631307284413
0.1	-0.0005628307892753259
0.1	-0.0018814907215982668
0.1	-0.001016705463867229
0.1	0.0013479508457594491
0.1	-0.00012983855374160136
0.1	0.0019639761609011597
0.1	-0.0012135038768881223
0.1	-0.0008307457913931948
0.1	0.0020207722776002246
0.1	0.0005935114480999371
0.1	-0.0005225430483755122
0.1	-0.0005337836030934184
0.1	-0.0012662315433249471
0.1	-0.0006205499417601956
0.1	-0.0014141470556292557
0.1	0.00019335203835602055
0.1	-0.000478545360688587
0.1	0.0005214066532361894
0.1	0.0001781365485981068
0.1	0.0008995300723286803
0.1	-0.00200650384764689
0.1	0.0004775158947443181
0.1	0.0005143915722026771
0.1	0.001482529505243524
0.1	-0.00010708158685979186
0.1	-0.00012228636732025677
0.1	-0.0009595091254350763
0.1	0.0009679710237638917
0.1	0.0007856525989106133
0.1	-0.001790881309335246
0.1	-0.00021525190315530018
0.1	-0.00012663084955422121
0.1	-0.0008746165393791472
0.1	-0.00038420053545595856
0.1	0.00046392729700728275
0.1	4.983629873922535e-05
0.1	0.0017500223337042486
0.1	-0.00018572307129560706
0.1	6.985821274774207e-05
0.1	0.0016067591455865005
0.1	0.00015678850516009923
0.1	0.0015848522309809265
0.1	-0.0018235815275011724
0.1	0.00066791108762565
0.1	-0.0016323075560737976
0.1	0.0005147404509808773
0.1	-0.000263425136145079
0.1	0.00182580402950272
0.1	-0.0009494608737730115
0.1	0.0004935073234825227
0.1	0.00104637489394388
0.1	1.4031847971773814e-05
0.1	-0.0003037730892672119
0.1	0.00018847674136923676
0.1	-0.0011323414096908735
0.1	0.0010314884763032994
0.1	0.00044387751310392964
0.1	-0.00013721166030955523
0.1	0.0003402284752633822
0.1	-0.00033174367876864785
0.1	-0.0003130755263174301
0.1	-0.00213057770310332
0.1	-0.000757507987553474
0.1	-0.0006508417810182632
0.1	-7.301407207038757e-05
0.1	-1.8162454079817536e-05
0.1	0.0007962632916903578
0.1	6.93255909693935e-05
0.1	0.0001269971569882733
0.1	0.00026072877692151497
0.1	0.0020589464573634864
0.1	0.003944250462570076
0.1	-6.597269827857133e-05
0.1	0.0006979026301137115
0.1	0.0014823361198154084
0.1	0.0014200463300945154
0.1	-0.0008924317587348796
0.1	-0.0007420531898925109
0.1	-0.0006474240812273102
0.1	-0.00023173133377318855
0.1	-0.0023015207476819732
0.1	-0.00019250000562753833
0.1	-0.00036430452025970617
0.1	-6.793931873882997e-05
0.1	-0.000977256784676639
0.1	-0.0006965365167141968
0.1	0.0006897727930107456
0.1	-0.0004589812301853957
0.1	0.0008601337875991932
0.1	1.193177636282794e-05
0.1	-0.00022232826866064315
0.1	0.0007034282848505935
0.1	0.00010013280004517178
0.1	-0.0020394615859524734
0.1	-0.001070257527933327
0.1	0.0010185790051627786
0.1	5.891157953785697e-05
0.1	-0.0002674578173667008
0.1	-0.0007861722697215523
0.1	0.0005529664812823354
0.1	0.0025534368499045
0.1	0.0005085465881448092
0.1	-0.001416991702270165
0.1	-0.0004889581252049968
0.1	0.00013808504245949038
0.1	-0.0016625650502442024
0.1	-0.0008986409250437699
0.1	3.140581621330352e-05
0.1	0.0007138161030685319
0.1	-0.000826925679556334
0.1	0.0035605994629037685
0.1	0.00034421416859686804
0.1	-0.001307260732077209
0.1	-0.00037698937938213106
0.1	0.0007147062984715902
0.1	-0.0015109862811828467
0.1	0.001213306135556258
0.1	0.0002543269955220806
0.1	0.000919066470722818
0.1	-9.505831625666872e-05
0.1	0.0003688409615689725
0.1	-0.0014654178499227122
0.1	-0.002265220130232226
0.1	-0.002377739022155323
0.1	-0.0012449801738196875
0.1	0.000421275988115033
0.1	0.001140360062138357
0.1	0.0001397547688986034
0.1	0.0007933355499403216
0.1	-0.0010985970765913233
0.1	-0.00043349586495278203
0.1	-0.0008679150391872614
0.1	0.0002987456922842746
0.1	-0.0009825815676416383
0.1	0.0007036817176344634
0.1	0.0017099359422623195
0.1	-0.00026273020022093974
0.1	0.000703577592904292
0.1	-0.0006609919537090558
0.1	-0.0006399660374338811
0.1	0.0005493697219483007
0.1	-0.001768472815015798
0.1	-0.0003494034120077316
0.1	0.000774485142473802
0.1	0.0016908668323730724
0.1	0.0007854893330737633
0.1	-5.6938305357245866e-05
0.1	0.0013590972306380955
0.1	0.001754577130777757
0.1	0.0013248524487077251
0.1	0.00029447740235299946
0.1	0.0013797417053286187
0.1	-0.0005390651072174624
0.1	0.0017335676188725557
0.1	0.0011598054906715172
0.1	0.0010405420432240131
0.1	-0.0009038785330623966
0.1	0.000626958968227953
0.1	-0.0009603017373167599
0.1	-0.00023617855034907542
0.1	0.0026241570839199424
0.1	-0.0005289356926683197
0.1	0.0013244259277100934
0.1	-0.00044315342865464125
0.1	-0.00016272402085548698
0.1	-0.0006492021745709842
0.1	0.0009753421080029856
0.1	0.0008913011781718216
0.1	0.0006446524082133198
0.1	0.00044409657023181115
0.1	-0.00037841052769915784
0.1	-0.0003099991578534578
0.1	0.0016186673642927252
0.1	0.00014309422625047308
0.1	-0.0013067124111354467
0.1	3.656409724639431e-05
0.1	2.2931870260478604e-05
0.1	9.636258136636044e-05
0.1	0.00013513872910464464
0.1	0.000332997165541693
0.1	0.00038948883671940937
0.1	-0.0006257487139846862
0.1	0.0008116630376213685
0.1	0.0002647911125523983
0.1	-0.0003127789997487973
0.1	-0.0011963361482163481
0.1	0.0007377744741097203
0.1	-0.0006033170977448599
0.1	0.0004984010014755791
0.1	-0.0011087774757776447
0.1	-0.0014233988820553378
0.1	0.0003990040229721048
0.1	-0.00029313064979685777
0.1	0.0017363928682958552
0.1	-0.0007306019689690135
0.1	-0.0002711494419436189
0.1	0.0009728084282826233
0.1	-0.0011611421292403445
0.1	-0.0008236494460847066
0.1	-0.00011419284034497323
0.1	-0.00014806039056591835
0.1	6.4617521273735434e-06
0.1	0.0004907071527519014
0.1	-0.0007466177234582982
0.1	0.00045459209995257766
0.1	0.000720155913079612
0.1	0.0011369686832032322
0.1	-0.0006127550762629053
0.1	-6.13087583536398e-05
0.1	0.000709486778083912
0.1	0.0009334905877271815
0.1	0.00021243064708242887
0.1	0.00011925597496675877
0.1	-0.00045164071156911234
0.1	0.0005554451294587093
0.1	0.001574011240516926
0.1	-0.0007188000615625523
0.1	-0.0009880508803927768
0.1	-0.000371878177787055
0.1	-0.0014968756705606712
0.1	0.001601347596966729
0.1	-0.0006381407719462384
0.1	-0.0009822957369864938
0.1	-0.0009318924661325667
0.1	0.00025451781274388185
0.1	0.0007239665930676153
0.1	0.00021113041527198728
0.1	-0.0009771629786798908
0.1	0.0001632672755529363
0.1	-8.064134501095666e-05
0.1	0.0011601860745897863
0.1	0.0006612610339501446
0.1	0.0019754093657833316
0.1	0.0023713624831114277
0.1	-0.0012905751816374433
0.1	-0.0010410046834146147
0.1	6.688879909400036e-06
0.1	-0.0008839564648170928
0.1	-0.0007103696244437074
0.1	-2.601731608153912e-06
0.1	-0.0009945640384343424
0.1	-0.0007575626075029263
0.1	-0.0001372966539310294
0.1	-0.0001666978409646802
0.1	0.0018295080099126615
0.1	0.0003301715303221098
0.1	-7.591445352828075e-05
0.1	-0.00034943192661884837
0.1	-0.00047861214483457815
0.1	-0.00039190132623878604
0.1	0.0004287101594840914
0.1	-0.0018174782040576432
0.1	-0.0008570380485659612
0.1	-0.0008402089929511192
0.1	-0.00023896126256084393
0.1	0.0020301140124294736
0.1	-9.211246974771825e-05
0.1	0.0008780019376731785
0.1	0.0006362424663716171
0.1	0.0011454520351488195
0.1	-0.0011210305634403728
0.1	-0.0008458551662011704
0.1	0.00046218509451079193
0.1	-0.000118260587583352
0.1	0.0003742083797211304
0.1	-0.000713136495014588
0.1	0.00044940494457634816
0.1	4.997228643111029e-07
0.1	-0.00029994615865902574
0.1	0.000337693547044271
0.1	-0.0002655628016439149
0.1	0.0003568898620006644
0.1	-0.0017351727145862306
0.1	0.0009144371276693652
0.1	-0.00022433545863487225
0.1	-0.0007499866281266421
0.1	0.00022353126808716262
0.1	-0.00023992033598063678
0.1	-0.0008120134072793217
0.1	0.0010900462411290723
0.1	-0.0010414982804440864
0.1	-0.000819019661769671
0.1	-0.0007493100146140907
0.1	-0.0001910835532088484
0.1	0.0018779108448945259
0.1	0.0018355584426904548
0.1	-0.00247426159686448
0.1	-0.00015313388755600066
0.1	0.00019630359657418772
0.1	0.0012531153570035647
0.1	0.0004865880965907454
0.1	0.0007399240676544405
0.1	-0.00040481900030986395
0.1	-0.00016833633034574191
0.1	0.0011872111434245713
0.1	0.0005461327510869474
0.1	0.00132889765288835
0.1	-0.0006702667578053489
0.1	0.00030146855255630545
0.1	-0.0006090875732145395
0.1	0.0014790597909508651
0.1	-0.0006479483709043166
0.1	0.00033402435590934587
0.1	0.000954022034575952
0.1	-0.00017693446661848355
0.1	-0.0004398640566041223
0.1	0.0006419487343320984
0.1	0.0008199295777746585
0.1	-0.0005930179324176166
0.1	-0.0015704041910469257
0.1	-0.0017266169497092143
0.1	-0.0009054759070536988
0.1	0.001201886360280402
0.1	0.0012591609472105691
0.1	0.001034322388070219
0.1	2.6203521284240416e-05
0.1	-0.00040779520347578035
0.1	2.266220284685705e-05
0.1	0.0002072991245556377
0.1	0.0009460901951837686
0.1	-0.000685061619412286
0.1	-0.0013134803869794265
0.1	0.00019225699164637788
0.1	0.001649544928271851
0.1	-0.0010045461929943933
0.1	-0.0005655198958780527
0.1	-0.0007280621602643311
0.1	-0.00034951102303937276
0.1	0.0005214312136366805
0.1	-9.842235589641035e-06
0.1	0.0008079011538678627
0.1	0.002360498996048732
0.1	2.336016380877215e-05
0.1	0.00018580577074622795
0.1	-0.0007479717296314803
0.1	-0.0006071956956208435
0.1	0.0002039616294057245
0.1	9.76559089462814e-05
0.1	-0.0008532214292611418
0.1	-0.0012623542636416296
0.1	-0.0013040556815173687
0.1	0.00010979351128259651
0.1	-0.0011492727535842295
0.1	1.4360594537521365e-05
0.1	0.0016373504660602833
0.1	-0.0015542941721757852
0.1	0.0001880177400368499
0.1	0.000338935085715808
0.1	-0.0002468187665467525
0.1	-0.0006763393701283427
0.1	1.9785854226572752e-05
0.1	0.002846450467471562
0.1	0.00034449244122969347
0.1	0.0012768074619350367
0.1	4.3326689160738674e-05
0.1	-0.00028481637097277357
0.1	3.197280348710141e-05
0.1	-0.0009904718267859103
0.1	-0.00032338282989452516
0.1	-0.0008148984377840396
0.1	0.0010063114268470397
0.1	0.0001530859822389541
0.1	-0.0015554069491219291
0.1	-0.001239344775392004
0.1	-0.001260077254200409
0.1	-0.0003623475363880857
0.1	-8.924400380161401e-05
0.1	0.002502350381588414
0.1	0.0013592128007711146
0.1	0.0008800866367577598
0.1	0.0012454855240972007
0.1	-0.0005409820082589167
0.1	-5.884990992210959e-05
0.1	0.0008597766624588443
0.1	-0.0006062868098726248
0.1	-0.0003741269036359185
0.1	0.00022872343286739483
0.1	0.0009528660662480037
0.1	-0.0013283291054080326
0.1	0.0004018873270610346
0.1	0.000629020964582172
0.1	0.000999951181053338
0.1	-0.00021416289412035105
0.1	-0.0005863253035838234
0.1	0.0013783447865644005
0.1	2.4147161891141522e-05
0.1	-0.000662341828024493
0.1	0.0007382798310943128
0.1	0.000598884641358266
0.1	-0.001011218301429695
0.1	-0.00019008621866101194
0.1	-0.0009905524496416351
0.1	-0.0017371866636581856
0.1	0.0007055784700809031
0.1	-0.0003894689767811599
0.1	0.0014870403276464605
0.1	0.0016004247613771172
0.1	0.00010813119069064125
0.1	0.0006154717906881046
0.1	-0.0010101347835367314
0.1	-0.0004228644332762155
0.1	-0.0005823841581877875
0.1	-0.00013608539529719188
0.1	0.001185027270041883
0.1	0.001729010413883847
0.1	0.0005402088529067317
0.1	-4.3730161916277765e-05
0.1	0.0003516679312620674
0.1	0.0006669717760698912
0.1	-0.002076140652913061
0.1	-0.00012400268522272384
0.1	-0.0003699309550437846
0.1	8.94841418805914e-05
0.1	0.0001497873290525753
0.1	0.00018636012359218856
0.1	-0.0006637547327474902
0.1	-0.0008438768393801421
0.1	0.0008575141997055891
0.1	0.0013925101013834151
0.1	-0.0010281625752031065
0.1	0.0008155394008183547
0.1	-0.000901007911582985
0.1	-0.0002275348931559673
0.1	-0.0008332175611109882
0.1	0.0007838676480640405
0.1	-0.0011417695197430966
0.1	0.0012836905484095995
0.1	-0.00037531332566564934
0.1	-0.0006509672461207927
0.1	-0.0007557976910237407
0.1	-0.00042436579619264947
0.1	0.00021679448174283245
0.1	0.0008314200036089181
0.1	-0.0004175854931152134
0.1	8.623275519314966e-06
0.1	-0.0009059840834204635
0.1	0.0008882137262919976
0.1	0.00013096409944335363
0.1	-0.00010148571088985925
0.1	0.00023295339519058267
0.1	-0.0005259519559035475
0.1	0.00069829288808132
0.1	-0.00020121509942017113
0.1	0.0004704472230949719
0.1	0.0008181818907285754
0.1	4.8737278825150554e-05
0.1	-0.0009634817096191295
0.1	0.001274958819504901
0.1	-0.0011072363427657717
0.1	-0.0006641758578911361
0.1	-0.0009068099248275008
0.1	-0.0019402269527788452
0.1	-0.0011934926583325733
0.1	0.00022455983091806964
0.1	-0.0006405032233822716
0.1	0.0002094915492349969
0.1	-0.0010144633127930902
0.1	-0.0007353887113170643
0.1	-1.9770280652808836e-05
0.1	-0.0019514079696067999
0.1	-0.001080451089667367
0.1	-7.867045409848394e-05
0.1	-0.00034008618551051306
0.1	-6.445093828699733e-05
0.1	0.0009097283099865905
0.1	-0.0009488763640193021
0.1	-3.976784818249257e-05
0.1	0.0013033332905691974
0.1	0.0005078025622921034
0.1	-0.00045852853578765007
0.1	0.00170005686941066
0.1	9.727310783813614e-05
0.1	-7.801939936524782e-05
0.1	-0.001261636126611787
0.1	0.000492691153009428
0.1	-0.0017648079560519392
0.1	0.0012432328752327582
0.1	-0.002550039427685613
0.1	0.00047209226580047225
0.1	-0.0020785248738737216
0.1	-0.0006667135452489426
0.1	0.0011028249109186206
0.1	-9.545519125930824e-05
0.1	0.0012632354112348532
0.1	0.000540692573689272
0.1	0.00020729118641171773
0.1	-0.0008817852991562791
0.1	-0.0007369413062159325
0.1	0.0008787580003718487
0.1	-2.2104849513704394e-05
0.1	-0.0006919259623427987
0.1	-0.000135649301350238
0.1	-0.00035368279773684286
0.1	0.00022862510867094343
0.1	-0.0007367677128986561
0.1	0.0016697337095907816
0.1	-4.630903514724061e-05
0.1	0.0008866685744215452
0.1	0.0001523106346691394
0.1	-0.0002788173145797934
0.1	0.0018402895149790544
0.1	-0.001687707648603265
0.1	0.0009937954167966723
0.1	-0.0016218054362946432
0.1	0.001257996052570709
0.1	0.0010397208573974526
0.1	-0.0004935737942786123
0.1	0.001490229460920478
0.1	-0.0004644341474717706
0.1	0.0005676122396325312
0.1	0.00017140052401587447
0.1	0.0006508982234098015
0.1	-9.567601177873364e-05
0.1	-0.0011752478501525498
0.1	0.00033378203183875854
0.1	0.0023127447296000803
0.1	0.0008877304660266372
0.1	0.000684196988916641
0.1	-0.00028032923910426
0.1	5.041313475040443e-05
0.1	0.0003179247182999445
0.1	-0.0015022656068217621
0.1	0.0004658294842239119
0.1	0.0006893558311115155
0.1	-0.0005830560696562515
0.1	0.00020997636877273518
0.1	-0.0002632675613181146
0.1	-0.0013587968594974686
0.1	-0.0003249141415104795
0.1	0.0022552736375569538
0.1	0.001114896706099544
0.1	-0.00041939372926824703
0.1	-0.0014850787547475708
0.1	0.0007341966662984811
0.1	0.00045473983608768087
0.1	0.0003620849208638699
0.1	-0.0004736480884890426
0.1	0.00014602043802980358
0.1	0.0009237933773232898
0.1	-0.000879074628199028
0.1	0.0008307763898578457
0.1	-0.00020349744270453662
0.1	-0.0009442654385802829
0.1	-0.0023043765235279956
0.1	0.00019362499639719033
0.1	0.00045535760584536344
0.1	-0.00020185551225626597
0.1	-0.0011661336148751644
0.1	3.6280369700714132e-06
0.1	-0.001505248806759285
0.1	-0.001695232286346826
0.1	-0.0005788070566044023
0.1	0.0009921228798117632
0.1	-2.2045805389447892e-05
0.1	0.0018720586766829417
0.1	0.0005933922884768794
0.1	7.884272359759414e-06
0.1	-3.5556308251472046e-05
0.1	0.0006139237856770396
0.1	0.000591185065933475
0.1	0.0016294821708831009
0.1	-0.0011970878470000113
0.1	0.001234417514025976
0.1	0.0016614836717815384
0.1	0.002628190990707102
0.1	0.0010276449533600518
0.1	0.00043562569043076316
0.1	-0.0013874323882567818
0.1	0.0006655296957793766
0.1	-0.0011907127372687842
0.1	-0.0028199819751344446
0.1	-0.0006376614131817782
0.1	-0.0012295273625917424
0.1	-0.0018230817399729204
0.1	-0.0008681454298282709
0.1	-0.0007099926391562761
0.1	-0.00038375421941316823
0.1	0.0011349590449012403
0.1	-0.0021294611931901297
0.1	0.0011646518675276774
0.1	-0.00010275098212186862
0.1	-0.0011458285939360824
0.1	0.0002954011972392534
0.1	-0.001287643483597778
0.1	0.0003087003776925945
0.1	-0.0009860281911202584
0.1	0.00026206427331587623
0.1	0.00045445418591461006
0.1	-0.0017629651486543718
0.1	-0.0008638045652429316
0.1	-0.0011450462885338464
0.1	-0.0026842417682264585
0.1	-0.0007360739186847987
0.1	0.0015413159196401294
0.1	-0.0002894276040570354
0.1	0.000779077667559358
0.1	-0.002159655910257241
0.1	0.0006731944028842696
0.1	-0.00022801038297770582
0.1	-0.00028958989580352146
0.1	0.00024539942500934053
0.1	0.0004807928456364019
0.1	0.0022212293464073385
0.1	-0.00016816927549334615
0.1	-0.0004245419014583529
0.1	7.198603758995503e-05
0.1	0.0004898456823971831
0.1	-0.0006389421386800986
0.1	0.0013669567613627809
0.1	-0.00030674229405946996
0.1	-0.00016857141045512058
0.1	-2.8861696416138116e-05
0.1	0.0011429313969041344
0.1	-0.001883622750914693
0.1	-0.0005697420092847238
0.1	-0.00032598447166609645
0.1	0.0012685413009266844
0.1	-0.0007406127071833968
0.1	0.0021725258741748243
0.1	0.00012693577452516092
0.1	0.000509113366609748
0.1	-0.000899735653201228
0.1	-0.00018693241668366056
0.1	0.0019400304212774389
0.1	0.000880608331283117
0.1	0.0019148220300942986
0.1	0.0020883703479605
0.1	0.0005436225740762524
0.1	-0.0004019283836296239
0.1	0.00044576046604216657
0.1	0.00040754135320408835
0.1	0.0003130105702706665
0.1	-0.0009381511509545248
0.1	-0.0007495936484263055
0.1	-0.00013638669178339669
0.1	-0.0004944797884021135
0.1	0.0007118130241815512
0.1	0.0026604957150566655
0.1	-0.0005071274560086714
0.1	-0.0003274274584068593
0.1	0.0005935395202170124
0.1	0.0014113133731413763
0.1	0.000163338027842852
0.1	8.494667140412915e-05
0.1	-0.00046483348066606034
0.1	0.0024767125865283734
0.1	-0.0002669178196248456
0.1	0.0007646400798391184
0.1	-0.001101868498335934
0.1	-0.0005286689853427617
0.1	-0.0012423826354450718
0.1	-0.0010881744439690255
0.1	-0.0003582076634907061
0.1	0.00045438754118787283
0.1	0.0007988376444619805
0.1	0.0001828616609641509
0.1	0.0003170006580016649
0.1	-0.00039485105865111336
0.1	0.0008818851398753047
0.1	-0.00048419445991454424
0.1	0.0013092599854137577
0.1	-0.0006803632732288456
0.1	-0.00041797969900936316
0.1	0.00030278306090048
0.1	-0.00034849263263248
0.1	-0.0013773954347910955
0.1	-0.0005442297811395491
0.1	0.00013067369745556334
0.1	-0.0005188124803723326
0.1	-0.0005482722201222145
0.1	0.0006941009356687955
0.1	-0.00011553138081787928
0.1	-0.0010654420785873864
0.1	0.0007740167802077202
0.1	-4.489608587765481e-05
0.1	0.0007908916052161707
0.1	0.0034369683588924005
0.1	0.0007067359272847629
0.1	0.0004825499669071087
0.1	1.8548176450861042e-05
0.1	-0.000949369614006379
0.1	0.00032176936128480715
0.1	-0.001860779094380094
0.1	-0.0003160534149011518
0.1	0.0008206129988628241
0.1	-0.0016534941814247972
0.1	0.0007695221698741372
0.1	-0.0006540211104366644
0.1	0.0013647058942383161
0.1	-0.001007584111319515
0.1	0.0002959828534077058
0.1	0.0004628104948745104
0.1	0.0001975609412808721
0.1	0.00011224008875887481
0.1	-0.0001606573546661938
0.1	0.0006363293448709006
0.1	-0.0012424004742197514
0.1	0.0002439238564109214
0.1	-0.0013171209544928786
0.1	-0.0002945967358118917
0.1	-0.0006111888697319934
0.1	0.00020294466158576885
0.1	0.0013820330640373912
0.1	-0.00019797735844662157
0.1	-0.0008636716192835792
0.1	-0.00022706770848479607
0.1	0.0008376865126064059
0.1	0.00027907014548711473
0.1	0.000380916370983031
0.1	-0.000476075002428189
0.1	0.001071962431637763
0.1	-1.8060345430503943e-05
0.1	-0.0004310137983940532
0.1	0.0015479492365898517
0.1	-0.0001891754493279496
0.1	-0.0005370445842216576
0.1	0.0007667608079755528
0.1	-0.0005355314983874759
0.1	0.0005170718402600638
0.1	0.001149360178152703
0.1	-0.0003962965634207727
0.1	0.0005724460667761999
0.1	0.0005194536182518972
0.1	-0.0002742674661266875
0.9	0.0007369451759918766
0.9	-0.000424634186179107
0.9	0.0006803615056337753
0.9	0.0009429410950958506
0.9	0.0023681259093438767
0.9	-0.000741406446412407
0.9	0.0009131131883669541
0.9	-0.0006264987879043282
0.9	-0.0001707257227854253
0.9	-0.0009537453797159312
0.9	-0.00035891244035468617
0.9	-0.001487621043032572
0.9	0.0005877198157154817
0.9	0.0002974299152259663
0.9	0.0018989985255460917
0.9	3.775457822197126e-05
0.9	0.0009685143247030181
0.9	-0.0006908904519293824
0.9	0.003127709041083726
0.9	0.0005025738446436945
0.9	-0.0016337109983204368
0.9	-0.00046653907107430115
0.9	-0.001009771811629312
0.9	0.002166511889573397
0.9	-0.0011279215602375547
0.9	0.0005943942533820357
0.9	-0.0006312549821321234
0.9	0.00010497692280830861
0.9	0.0010080236821303767
0.9	0.0013443703829424392
0.9	0.0016531536387081047
0.9	0.0007358002618915727
0.9	0.0001824652303342722
0.9	-0.0004633592410026033
0.9	-0.0007212824158739917
0.9	0.0009375605793822128
0.9	0.0009431453450576832
0.9	0.0005191618509594598
0.9	0.0013999804031015195
0.9	-0.00016397175537585795
0.9	0.0002304348907979925
0.9	0.0002782011535158446
0.9	-0.0010051249020075481
0.9	-7.653678954988585e-05
0.9	-0.0009525559786760507
0.9	0.001591261906539243
0.9	0.00010765715243032936
0.9	0.0010543887311490474
0.9	0.000535186992764114
0.9	-0.0008507409858629078
0.9	0.0009025000204488931
0.9	-0.000232457563419608
0.9	-0.001427156461169865
0.9	-0.00019045053587229965
0.9	0.0004497257061308879
0.9	-1.0443631086598515e-05
0.9	0.0004946292573302369
0.9	-8.208378911311875e-05
0.9	0.0005876201798037384
0.9	0.002743205950805905
0.9	-0.0009059171568059909
0.9	0.002058927952120815
0.9	-0.00048301987184995454
0.9	-0.0008868879296082266
0.9	0.000986102380902243
0.9	0.0010919503318193025
0.9	0.00026267778900357364
0.9	0.001083695501710058
0.9	0.0003143660142128635
0.9	0.001468769474149978
0.9	0.0021877116119002338
0.9	0.0003046219169153819
0.9	-0.001123857321877253
0.9	-0.00019828028474888626
0.9	-0.0006138927318510845
0.9	-0.00036868624799435423
0.9	-0.0005193526261972892
0.9	0.000982423158886525
0.9	0.0041247844377504395
0.9	0.00060720678814008
0.9	-0.000590586719576347
0.9	0.00017587000279584153
0.9	-0.0013444158605269152
0.9	-0.00030351760822822094
0.9	-0.0007273862522607644
0.9	0.00023629103783640026
0.9	-0.00012591991470567443
0.9	-0.0009160628950919403
0.9	-0.0010336748681976093
0.9	0.0002233705687690879
0.9	0.0010980346273601338
0.9	0.0005350797445856648
0.9	0.0009414011551163171
0.9	-1.424571084207571e-06
0.9	-0.0019886872588801285
0.9	0.0020339740481578605
0.9	0.0024961241858445504
0.9	-2.505598133439868e-05
0.9	0.0009641984466789433
0.9	0.0006244714064731482
0.9	0.0003042728888588142
0.9	4.832495667483894e-05
0.9	0.0003922904879317679
0.9	-0.0009381778131496432
0.9	-3.600439892026408e-05
0.9	-0.0019782834821400197
0.9	-0.0017543100234853615
0.9	0.0003286998685601006
0.9	0.00031897558230153944
0.9	0.00016892247138089456
0.9	-0.0011925529830110193
0.9	-0.000781184249211142
0.9	0.0007803297244217688
0.9	-0.0005912960836105263
0.9	-0.0009016594071358242
0.9	-0.0010984889444429768
0.9	0.0004966226530636053
0.9	-2.836994654376035e-05
0.9	0.0007140308426125674
0.9	-0.0005129281915827733
0.9	0.0007601931211480562
0.9	0.0008077206601047049
0.9	2.666567440856582e-05
0.9	-0.0020236576269880846
0.9	0.0011113124474386726
0.9	0.00013180061678563781
0.9	-0.0013940547971569295
0.9	0.00013317552901304097
0.9	6.17084414219482e-05
0.9	-0.00031134430583801276
0.9	0.0009277634166106052
0.9	-0.000829819523457731
0.9	0.0005460748974188689
0.9	-0.00024340344859075103
0.9	-0.0008479413277719949
0.9	0.0020991716729735765
0.9	0.001702243394855918
0.9	0.0006343007650870813
0.9	0.0014314473170498054
0.9	0.001258002923693713
0.9	0.0012075404638242082
0.9	-0.001136359242630336
0.9	-0.0002307001356911531
0.9	0.0019000884205129243
0.9	-0.0015704756277166165
0.9	0.00044920002137815995
0.9	0.0009430913455910073
0.9	-0.001180427332483358
0.9	0.002013148191744696
0.9	1.7323191826346118e-05
0.9	0.0004626218770081847
0.9	0.00021626289745968474
0.9	-0.0011607648757767652
0.9	-0.0015201991898308176
0.9	0.000107004257766663
0.9	-0.0002652115130299393
0.9	0.0015474111774014254
0.9	0.0008724614573908385
0.9	0.0009334554661304395
0.9	-0.0006077870355387649
0.9	0.0015781406055557223
0.9	-0.00012683372593946807
0.9	-0.00019043502371918208
0.9	-0.0008322181512154803
0.9	0.0002845630617955841
0.9	-1.16237521012863e-05
0.9	-0.0002779138727320163
0.9	-0.0008731024320023373
0.9	-0.0006098624213282111
0.9	0.0020908032037995072
0.9	-6.869112948137968e-05
0.9	0.0012474929158682313
0.9	-0.0002662132565356412
0.9	-0.00031760101444411326
0.9	-0.00034277374875291144
0.9	-0.0014721721829169532
0.9	-0.00014421587024404658
0.9	0.0006988240687618719
0.9	0.0011648554801185762
0.9	0.0006565102644303655
0.9	-0.0005757765757619104
0.9	-2.8964080034166173e-05
0.9	-0.00018540127366506454
0.9	-0.0004012749776460822
0.9	-0.0015086995949145088
0.9	0.0009838845798743057
0.9	-0.0002036314113429416
0.9	-0.0002749111589099851
0.9	-0.0011914565107904451
0.9	-0.0006436582357784992
0.9	-0.0010184460886752955
0.9	-0.0008454285811261286
0.9	-0.0002858080646377381
0.9	0.0016728682354263391
0.9	-0.0005016115221623263
0.9	0.0014797795742549358
0.9	0.0003545536028413121
0.9	-7.328870329414983e-05
0.9	9.44587041732392e-05
0.9	0.0006214468780145754
0.9	-0.0005382208419240087
0.9	-6.880710539269863e-05
0.9	-0.0014900868505391962
0.9	-0.0008290539612012537
0.9	0.001371276272995825
0.9	-0.001725075395275777
0.9	-0.0017655652167196667
0.9	0.0007401259401408344
0.9	0.0002251573346979674
0.9	0.0001193453629578789
0.9	0.0006684820862229435
0.9	-0.00024923301391011066
0.9	0.0012962646497800545
0.9	8.700543350803613e-05
0.9	-0.0006136514820811456
0.9	-2.6460990069088197e-05
0.9	0.0015254303879272957
0.9	0.0007143887056832998
0.9	0.0013231593142951636
0.9	-0.001958284255587639
0.9	-9.957423233863949e-05
0.9	-0.000656357797364393
0.9	0.0013659254451972025
0.9	0.0002975529316590064
0.9	4.135098255686476e-05
0.9	0.0008700233756786524
0.9	-0.0014177631251068856
0.9	-0.0013844808438958633
0.9	-0.0005274423839916054
0.9	-0.0010122317462877284
0.9	0.0007908946155824603
0.9	4.7419554609517967e-05
0.9	-0.0005049954798825862
0.9	-0.0003446527441175462
0.9	0.001287386975367788
0.9	0.0009644767938947751
0.9	-0.0013250641270816654
0.9	-4.1250832167882834e-05
0.9	0.0013729962511942473
0.9	0.0019302644500804877
0.9	-0.00030214617367407826
0.9	0.0011492499518606092
0.9	-0.00042721846437121513
0.9	-0.0010625880416093025
0.9	3.880103784592581e-05
0.9	-0.00142370511203338
0.9	0.0014580994896501442
0.9	1.2132553300014948e-05
0.9	-0.000895709408396117
0.9	-0.0005121869234421261
0.9	0.002528539894956827
0.9	-0.0019664643784524927
0.9	0.0019934457529947602
0.9	-0.0005419357474694131
0.9	0.001553860699871512
0.9	-0.00017192441618596455
0.9	0.0012717895838879612
0.9	0.0013898874638378356
0.9	-0.001572502971740608
0.9	-0.0005811557107084919
0.9	0.00041523136354282286
0.9	-0.0006549021471937699
0.9	-0.0008028798589445607
0.9	-0.00021948174757069339
0.9	-0.001414434927578867
0.9	0.0006979630229239087
0.9	0.00015793672545072468
0.9	0.0002390694473268784
0.9	0.0003980932369129775
0.9	0.00010102660319422085
0.9	-9.577714062758425e-05
0.9	-0.0010169046833399253
0.9	-0.001512192913315058
0.9	0.001140377812181348
0.9	-0.00017369121332944104
0.9	-0.0005881461561074719
0.9	0.0010131572223315288
0.9	0.001034499260527233
0.9	0.0004974080206228138
0.9	-0.0008125161227243716
0.9	0.0015559825777226033
0.9	-0.0009666987866936427
0.9	-0.00016766470996909533
0.9	0.0014164686401700877
0.9	-0.00019655130992957126
0.9	0.0015092246167571766
0.9	0.0005657873316868844
0.9	0.0019340147453974499
0.9	-0.00015267460888357398
0.9	0.0023681571081871633
0.9	0.0008721880728976839
0.9	-0.0010084222764923378
0.9	-0.00021421954607414584
0.9	-0.0014663132944321422
0.9	-0.000272326892426733
0.9	-0.001057952122351491
0.9	0.0003514092744181241
0.9	-0.00022158162264318548
0.9	-0.0010268349716753278
0.9	0.001485281260012572
0.9	-0.001062944944925981
0.9	-0.001484511923013354
0.9	-0.0008861020631263372
0.9	-0.0016135570187403303
0.9	-0.0004775184509278052
0.9	0.0019185821816152249
0.9	0.0008383690615978434
0.9	-0.00045738448345233884
0.9	0.002906243178696366
0.9	0.0009014042281941803
0.9	0.002009247739260589
0.9	-0.0015471262881860959
0.9	0.0012462131074739702
0.9	-0.00053627852458904
0.9	-0.001026028301566173
0.9	-0.001308512742973722
0.9	-7.134885832882354e-05
0.9	0.0006468717551603165
0.9	0.0007024670762525442
0.9	0.0014810206514105362
0.9	-0.0012033076045583346
0.9	-0.000765662114859289
0.9	-0.0008029214357241354
0.9	0.00032781629704525805
0.9	0.0005031367698007383
0.9	-0.0011291678948264217
0.9	-0.0006890760837274801
0.9	-0.0005036148723676082
0.9	0.001408872041715581
0.9	-0.0008474515972620722
0.9	0.001408008056433263
0.9	-0.00019152316019299676
0.9	-0.0012075989894029249
0.9	0.0006273061906373334
0.9	0.0010998162105180231
0.9	0.0004558840902680883
0.9	-0.0005469074289186082
0.9	-0.0005175541204778256
0.9	-0.0017490986808734732
0.9	-6.696634253389178e-05
0.9	-0.000992493262269134
0.9	0.00025842714227075625
0.9	0.0019096739599914203
0.9	-7.979074171271527e-05
0.9	0.0008129462017324451
0.9	-0.0006234081229616883
0.9	-0.001157418487666817
0.9	-8.845456317785327e-05
0.9	-0.00017473090159803029
0.9	-6.738712403975278e-05
0.9	-0.0005347839168201585
0.9	-0.0006487635330927333
0.9	-0.0012492251594020676
0.9	-0.0005066498818706577
0.9	0.0027864889352317013
0.9	0.00035686916677368785
0.9	0.00030555400247156417
0.9	-0.0006148376360726182
0.9	0.0002115088592800074
0.9	0.002019362942635272
0.9	-0.00032734550547863783
0.9	0.0003558461854983319
0.9	-0.0007562213622545055
0.9	-7.497117893118244e-05
0.9	-0.0003115759938425722
0.9	-0.0010961389716641623
0.9	0.00042772841591864896
0.9	-3.6326779237372264e-05
0.9	0.0015160188319808254
0.9	-0.0006735769154029292
0.9	0.00021292623146773604
0.9	-0.0001827443801842854
0.9	0.0007708490758037145
0.9	0.0004999915372723152
0.9	0.0013136776442005393
0.9	-0.0007808151405830355
0.9	0.0014595822350892407
0.9	-0.0006558064321877666
0.9	-0.0003999891623922558
0.9	-0.0006160852866410327
0.9	0.0007975481442150656
0.9	-0.0014557292394470345
0.9	-4.900668898488725e-05
0.9	0.0009205079665581817
0.9	-0.0005206652642419929
0.9	-0.0015926791357874226
0.9	-0.0001478866157982317
0.9	-0.00042697027807347965
0.9	-0.0007771558254106026
0.9	0.00024263192288376256
0.9	0.00013825349470486525
0.9	-0.0006103648834878683
0.9	-0.0010436897674215295
0.9	0.00020795592992350898
0.9	0.0004098079029687396
0.9	0.0020667354281976857
0.9	0.0017466149202362002
0.9	-0.0019099300902816196
0.9	0.0017242492872017179
0.9	-0.0005369234757670593
0.9	0.0002256342522028998
0.9	-0.001741911247996386
0.9	0.0008032650937008778
0.9	-0.0005100935709356769
0.9	-0.00016265210474153413
0.9	-7.199611116215365e-05
0.9	0.00010845559352701262
0.9	-0.001278240029245703
0.9	-0.001196338289370269
0.9	0.0011114970178163208
0.9	-0.00047492389025127757
0.9	-0.0009561111798737087
0.9	0.0036251962578028873
0.9	0.0006420055964009297
0.9	-0.0005291487276184448
0.9	0.001173322062345994
0.9	8.076471695139809e-05
0.9	-6.999799284401753e-05
0.9	0.00026676155212468355
0.9	0.0010584860122221373
0.9	-0.001844607654216901
0.9	-0.0013240860194223547
0.9	-0.0010988684932318193
0.9	-0.0006916527696703145
0.9	-0.0011640555101286587
0.9	0.00048686616694137985
0.9	0.00032781052027708313
0.9	5.247063212654446e-05
0.9	-0.000682773376204926
0.9	-0.00017675535536776366
0.9	0.00012305963689451804
0.9	0.0006081477918549183
0.9	-0.0012511186482746517
0.9	-0.00017828498883076804
0.9	-0.0006201995057422138
0.9	-0.0016092882361566918
0.9	0.0025694534858125007
0.9	8.419375913570892e-05
0.9	0.0001270982083362293
0.9	-0.00022734731434459476
0.9	-0.0013690236796972677
0.9	0.0010994851515617743
0.9	0.00326333943047874
0.9	0.0017160063730209396
0.9	-0.0008757612552869887
0.9	-0.0010039065903721944
0.9	-0.001635153140665313
0.9	-0.00020636424117670416
0.9	0.0021676152660836667
0.9	0.0010495653430572238
0.9	0.0006779472502346229
0.9	0.0004466012140740272
0.9	0.003139688489859793
0.9	0.0007661844113492355
0.9	0.0002204852934269974
0.9	-0.0016821571367628962
0.9	-0.0002983451047104957
0.9	-0.0006650825914373826
0.9	-0.0002815503767652494
0.9	0.0004683824469466913
0.9	0.0007770784142476783
0.9	0.001279970428408328
0.9	0.0005771303975298236
0.9	0.002159240992163247
0.9	-0.0011043542428739173
0.9	0.00019680738899252592
0.9	8.625823801444721e-05
0.9	-0.0013138641982219923
0.9	-0.0016289889136396063
0.9	0.0017639298112963608
0.9	0.0009309635320190468
0.9	0.0003832529674248075
0.9	0.00023234014025164118
0.9	0.00048232734542907885
0.9	-0.00010909553382121295
0.9	-0.0008186972842152418
0.9	0.0004166953936323159
0.9	-0.0011820491257343857
0.9	0.0017019305574678123
0.9	-0.000659644925120606
0.9	-0.00038000265264614974
0.9	-0.0013145606220090755
0.9	0.0005681966130612892
0.9	-0.00028482143148989003
0.9	0.0001764793342474702
0.9	-0.0005585231441145311
0.9	0.0005537422142677384
0.9	0.00012601151636848495
0.9	0.0003522840150979034
0.9	-0.0002669218921387273
0.9	-0.00029318506272346667
0.9	-0.00029354121049141035
0.9	-0.0006911417464219305
0.9	0.000526386490615427
0.9	-0.0005516278894559523
0.9	0.0008426797888776427
0.9	0.00295542253036829
0.9	0.0007929259655042875
0.9	-0.0012699614660500735
0.9	-0.00017272336023355095
0.9	0.0010558262299763532
0.9	0.0005980273622173682
0.9	-0.0008398750264098087
0.9	1.9376801246751008e-05
0.9	-0.0013591379981747753
0.9	-0.0004987556470452681
0.9	0.001691261797918453
0.9	0.0008247791207696142
0.9	-8.336322941260299e-05
0.9	0.0004486644768372239
0.9	0.0009841726324651967
0.9	0.000199595061573965
0.9	0.0008685527378575753
0.9	-0.0001469941587612933
0.9	-0.0008897785318322526
0.9	-0.0012333273354623309
0.9	-0.000422721634328882
0.9	0.0008616054753017854
0.9	-0.0012285458119358772
0.9	-0.00015778946990385734
0.9	0.0006971388769421161
0.9	0.0011563999923345225
0.9	-2.0805325542605502e-05
0.9	0.0005804990339024485
0.9	0.001992885594021443
0.9	-0.0008957047810715935
0.9	0.0012011484309035758
0.9	-0.001455699243719133
0.9	-0.0007807579456506897
0.9	0.0013493345578934335
0.9	0.0005183726295029389
0.9	-0.0003767099414113684
0.9	0.001034973834703412
0.9	-0.0024583882093291987
0.9	5.5426525258583936e-05
0.9	0.00023040681018515752
0.9	0.0011903173449975268
0.9	-0.0002543919479323087
0.9	0.0014649834344828694
0.9	0.0023467321565658894
0.9	-0.00028018063240486946
0.9	-0.00017563413773236114
0.9	0.0012255456860510439
0.9	0.0013663048806124012
0.9	-0.00021913352552105358
0.9	0.0013590000563887816
0.9	0.00013578103709277478
0.9	0.00047140656735589204
0.9	-0.0021288480722512215
0.9	0.0010899626180698174
0.9	0.0007604302109697203
0.9	0.0015840828710516064
0.9	0.0001181281054325467
0.9	-0.0008048839324614754
0.9	-0.0007851079899312552
0.9	-0.0018919010873514885
0.9	0.00040234575246689275
0.9	-0.0008384248878381406
0.9	-0.0007666956031475713
0.9	-0.0014411326554539805
0.9	-7.656236819220119e-05
0.9	-0.000196713091212386
0.9	-4.002140860137615e-05
0.9	0.0001030883999197929
0.9	-0.00020954615782420305
0.9	0.00020918370540612408
0.9	-0.0006695366628408639
0.9	6.837925111258247e-05
0.9	4.56325929905077e-05
0.9	-0.000671166028079595
0.9	0.0009089138462989865
0.9	-0.0012393370859336006
0.9	-0.0014449214319087744
0.9	0.0009599141171925396
0.9	-0.0010196799797521638
0.9	0.0009010214084259616
0.9	-0.00011705662581196208
0.9	0.0008800286084406084
0.9	-0.0003813850162874832
0.9	5.8086782338206966e-05
0.9	0.0003075249766854027
0.9	0.0009059953078227601
0.9	-0.0003858883501113297
0.9	-0.0010394346971560608
0.9	0.0002275644702179891
0.9	-0.000541624357580206
0.9	-0.0008209496302327146
0.9	-0.0023748396402729632
0.9	-0.0011032427475168305
0.9	0.0021179712777343873
0.9	-0.0007444999441950095
0.9	-0.0010444821008692706
0.9	-0.00019081396373876736
0.9	0.00020028729745380502
0.9	-0.0011968603291736546
0.9	-6.765272798192612e-06
0.9	0.00021525326073512652
0.9	0.0006091786443969127
0.9	0.0016020222833302844
0.9	0.0005676355944165268
0.9	-0.0009875457301731227
0.9	0.0005718165682949694
0.9	-0.00015655012358295473
0.9	-0.001176695106655412
0.9	0.000428201414812146
0.9	0.0008662440292783735
0.9	5.954210034808671e-05
0.9	0.0006074529626428626
0.9	0.0016819399604011132
0.9	-0.00012585418174215768
0.9	2.3307731051636082e-05
0.9	-0.00034353651337326596
0.9	0.0006324824823495945
0.9	-0.0010256347415389389
0.9	-0.0001355627687511518
0.9	-0.0010305069399043632
0.9	0.0008470272421001734
0.9	0.0013177534798064494
0.9	-0.00040456465474725256
0.9	-0.0004498748321717372
0.9	-0.00020491560168212075
0.9	-4.342189269901375e-05
0.9	-0.0004065198532179348
0.9	0.00013554226376766287
0.9	3.0124994425784202e-05
0.9	-2.8048958529147683e-06
0.9	-0.000159256675958952
0.9	-0.0018219158126659973
0.9	-0.00033034710231616415
0.9	-0.0005722892287403081
0.9	9.969126656150795e-05
0.9	-0.0009862461054350735
0.9	-0.00026582775686789795
0.9	0.0009573381620426868
0.9	-0.0013925094327582599
0.9	-0.0004079284151878859
0.9	-0.0011422854550862116
0.9	-0.002058935069673362
0.9	0.0008764965851711937
0.9	-0.002196751696529553
0.9	0.00017359243447256922
0.9	0.0017281971303039212
0.9	-0.0012985794832987008
0.9	0.0005017954513820699
0.9	-0.0006800300065241682
0.9	-0.00044203504032824803
0.9	-0.0005137065523417306
0.9	-0.0014265698778490599
0.9	-0.0003995218001116019
0.9	0.0009764349197980415
0.9	-0.0001665555637679894
0.9	-0.0018029059531081693
0.9	-0.001075078506401761
0.9	0.0009447078433317824
0.9	0.0005881452585032587
0.9	-0.001837320423016875
0.9	0.0015518197681422263
0.9	0.0002815586448136065
0.9	0.000977303593565071
0.9	-0.0009671894645120194
0.9	-0.0003983753916203536
0.9	-0.00044645291454292746
0.9	0.0014814996027989746
0.9	0.0006994437788051533
0.9	0.0007942540754729555
0.9	-0.000275528817022197
0.9	-0.0014864672954026936
0.9	-0.0002363251645263187
0.9	0.0005643665990339164
0.9	-0.00041355452344160604
0.9	-0.0002852872552527863
0.9	-0.0010910463344848687
0.9	-0.0007233794577379271
0.9	0.00024320118043785754
0.9	-0.00013235251746346322
0.9	-0.0017318296893906737
0.9	0.0004979495631874942
0.9	0.0010639572724719937
0.9	0.0006407219630034655
0.9	-0.0012939699254281845
0.9	-4.701969421461172e-05
0.9	0.0005396218897782967
0.9	0.0010782648143108364
0.9	0.000602086790388201
0.9	0.000915687500892215
0.9	-0.00025448818295936704
0.9	-0.0008020320361072919
0.9	0.0019170762206671688
0.9	0.000456282382605977
0.9	-0.0024528162911809925
0.9	-0.0005747290088153889
0.9	-0.0004942908393967826
0.9	0.00010980070804122999
0.9	-0.0008816473542259118
0.9	0.0011909119124835499
0.9	0.0025544791938216793
0.9	0.001455412353598473
0.9	-0.0007312324181230068
0.9	-0.0011785402443837967
0.9	-7.31117290881933e-05
0.9	-0.0011547572020580432
0.9	-0.0002615593259609472
0.9	-0.00011069496104032517
0.9	0.001487492457051931
0.9	-0.00024607676217591745
0.9	0.0009651279288802606
0.9	-0.0013035243939925056
0.9	0.001041810820110789
0.9	0.0005720397078676775
0.9	-0.0009333415061476558
0.9	-9.943403891465863e-05
0.9	0.0004748834659817902
0.9	-0.000979127496150367
0.9	-0.0008384290115912574
0.9	0.0010809238628302076
0.9	0.0007475196289333796
0.9	0.0009005712634027052
0.9	8.881568165386433e-05
0.9	-0.00014600426442634706
0.9	-0.00013498146564905333
0.9	-0.0017462476209311184
0.9	-0.0013682224587894254
0.9	-0.0017673217340017366
0.9	0.00027907955414896435
0.9	-0.0012328280024307414
0.9	0.0017166125927322584
0.9	-0.0002651717742927495
0.9	0.00016053099416746264
0.9	-0.0005383019289699753
0.9	0.0008655319810982887
0.9	-0.0018524850841412643
0.9	-0.0009288521771071423
0.9	0.0003022530200278428
0.9	-0.0005253846334447587
0.9	-6.526409043661197e-05
0.9	-3.025083235996817e-05
0.9	-0.0003320567027373933
0.9	0.00016740042826790535
0.9	-0.0019014818386442478
0.9	-0.001975126374282432
0.9	0.0017639060817743468
0.9	0.0004651399737219952
0.9	0.00011715215219143538
0.9	-0.0007586752081869541
0.9	0.0012432744529067286
0.9	0.0004911497934223519
0.9	0.0004519100639068796
0.9	0.0006867290273846471
0.9	-0.0014446281910840408
0.9	-0.0003878304994893167
0.9	-0.000950131709661628
0.9	9.626373585991388e-05
0.9	-0.00086359966491667
0.9	0.0005002605718423814
0.9	0.0018855958581900367
0.9	-0.0001618995559389269
0.9	-0.00047627901744795587
0.9	-0.0026076190436090663
0.9	-8.461331790354798e-05
0.9	-0.00040695316239403034
0.9	0.001067302481153276
0.9	-0.0008509854549998419
0.9	-0.0009525985228393541
0.9	0.0016718038693629422
0.9	0.0016380105133997347
0.9	0.002639329276579061
0.9	0.0003423964659019507
0.9	4.116900326422979e-06
0.9	-0.0013640908049095124
0.9	8.170243876115535e-05
0.9	0.001127881201905323
0.9	-0.00040000342794677124
0.9	0.001118895216986271
0.9	-0.0021620947627774
0.9	-0.0013113343118607013
0.9	-0.0013594296255137195
0.9	-0.0007625041337013805
0.9	-0.00016530168702955095
0.9	-0.0004204271247378877
0.9	0.0013150063012711266
0.9	0.0008481390063762584
0.9	-0.0006961889939811616
0.9	-0.001205346712405575
0.9	-0.00030983211323598603
0.9	-0.0011385366216114523
0.9	0.000319863655313668
0.9	-3.639706714819724e-05
0.9	0.0011490383820571548
0.9	0.00035192282329199465
0.9	0.0008944672223004657
0.9	-0.0007129698626475722
0.9	-0.0010989593357018101
0.9	0.0008749252191316836
0.9	0.00012330608423805067
0.9	1.7811239666487566e-06
0.9	-0.00014901770172781603
0.9	-0.0006409780805591847
0.9	0.0009918436933643582
0.9	0.0004198323994725195
0.9	0.0007922691087561828
0.9	0.0022890706575631192
0.9	-0.0008261123911799118
0.9	-0.001220192855321267
0.9	-0.0008414794494244759
0.9	0.00015508210930237354
0.9	-0.0009395036411414814
0.9	0.0005450423023828366
0.9	0.001041974931644818
0.9	0.0012108214345699642
0.9	0.00018834625864561083
0.9	-0.0013229611975298372
0.9	0.00046466872544781435
0.9	0.0012698203888651394
0.9	0.0012803820026084933
0.9	0.00031323021976337184
0.9	-0.0004625435247824772
0.9	-0.0005006357048786825
0.9	0.0017567401911356972
0.9	0.0019069950853645157
0.9	-0.001810462722786843
0.9	-6.164692828791729e-05
0.9	0.00023853507690907438
0.9	4.797248914456542e-05
0.9	0.0005870695227213618
0.9	0.0006493956507525045
0.9	0.0023328955966571696
0.9	-0.0010726927653694762
0.9	-0.000941620689056677
0.9	0.0015586487956984474
0.9	0.0017280901768813584
0.9	0.00047440333805459645
0.9	-0.0003058203202430665
0.9	-0.001018075659604989
0.9	0.00027002018345534395
0.9	-0.000791812673129666
0.9	-0.0017901489778529012
0.9	-0.0013106370446274163
0.9	0.0002504783800615362
0.9	-0.0008553069420671466
0.9	0.0006743880035164906
0.9	0.000888738924614163
0.9	0.000615095900993512
0.9	0.0004102902248240836
0.9	5.719366530509973e-05
0.9	-0.0006984152390279164
0.9	0.0006099101133140161
0.9	0.0006602461348071964
0.9	-0.001649064558873814
0.9	-0.0007608902778182269
0.9	0.0030620858735237455
0.9	-0.001409428462705975
0.9	-2.096973365373067e-05
0.9	-0.000665759205796812
0.9	0.0014076770659945392
0.9	0.0003092608291603849
0.9	0.0009654282772599831
0.9	0.00227454369033675
0.9	0.0013905347291714998
0.9	0.0002652754443469574
0.9	0.0014193508647322162
0.9	0.0017317853284467555
0.9	0.0006694044393165122
0.9	0.0005504929408999271
0.9	0.00023431634299209136
0.9	0.0012165779810709987
0.9	-0.0007604533355720644
0.9	0.00263947197962755
0.9	0.001655473132050389
0.9	0.0007934369748396897
0.9	0.0006054292853010512
0.9	0.0016081476307526765
0.9	7.000758996189571e-05
0.9	-0.0017875354027543366
0.9	-0.0018746706254271217
0.9	0.0002910725053668628
0.9	-0.0007201781703825016
0.9	0.0005408220935188002
0.9	0.0013542389381099307
0.9	-0.0002943988604515724
0.9	1.842301259280532e-05
0.9	0.0005760368186826792
0.9	-0.0006761136558535163
0.9	-0.0008284627780781317
0.9	8.831437359990701e-05
0.9	2.4600432375510017e-05
0.9	0.0034181797277617054
0.9	5.924903553145011e-05
0.9	-6.08113920010922e-05
0.9	-0.0013522123893083826
0.9	-0.000925052783142144
0.9	0.0008444498958672941
0.9	0.0010250293228394325
0.9	0.00048770761162675313
0.9	0.0001621421187983918
0.9	-0.0014057452301390327
0.9	0.0004461057283019487
0.9	-0.0010219207275001807
0.9	9.633960015087428e-05
0.9	-0.0001095378444793127
0.9	-0.00040032365142805837
0.9	-0.0004522789418313078
0.9	-0.000598604580514861
0.9	0.0009288279587346127
0.9	-0.0004059432178369349
0.9	-0.000984232926168227
0.9	-0.0014730889300451633
0.9	-0.0008508357467960082
0.9	-0.0013641104383166347
0.9	0.0013271911129876246
0.9	-0.0012637131367074783
0.9	-0.0011737543786165539
0.9	-0.0010713385722889157
0.9	-0.0008922267948328066
0.9	-0.0006389239723765261
0.9	-0.0012996959975297706
0.9	-0.00040485197609130275
0.9	-0.0016507984397182707
0.9	-0.0015127678980448866
0.9	0.0001919182710639067
0.9	-0.00011001770288410206
0.9	0.0012073370783659554
0.9	0.0010016241478598698
0.9	-0.0007421717792457372
0.9	-0.0010664610223853899
0.9	0.0015139469157042784
0.9	4.9803154589245224e-05
0.9	-0.0005149847670358199
0.9	0.00011474797907795597
0.9	-0.000716711336626652
0.9	8.763629007491058e-05
0.9	-0.0003858706785402344
0.9	-0.00030888940528162045
0.9	0.0008316210541704505
0.9	-0.0013279842576818801
0.9	-0.00021456525795371384
0.9	0.001871699306731034
0.9	0.002096476758017718
0.9	-0.0016054107146599161
0.9	-0.0004428129659588276
0.9	-0.0011873537167990111
0.9	0.0019202537178392154
0.9	6.425346858174308e-05
0.9	-0.0009357931825375587
0.9	-0.0008561920820022717
0.9	-0.0004366391878294351
0.9	0.001258747220138856
0.9	0.0013024946157290662
0.9	-0.0023770515260250757
0.9	0.00043809958993956677
0.9	0.0017962417906359773
0.9	-0.00022593266888470964
0.9	0.003466800199787623
0.9	-0.0004162844467685556
0.9	0.0007502352941506363
0.9	-0.0009158939269124922
0.9	0.000687263223162482
0.9	0.0009544306753903609
0.9	-0.0005467624829949003
0.9	-0.00026573953917874427
0.9	0.0008139164370858376
0.9	0.0013373427894531886
0.9	-0.0003650956481764389
0.9	-0.0014548799568410153
0.9	-0.0010659540560662428
0.9	-0.0014788579730100615
0.9	-0.00037400260122710804
0.9	-0.0012403710843349458
0.9	-0.0007781886995554821
0.9	-0.0006609982332832498
0.9	0.000396339653573885
0.9	0.0015197765219557846
0.9	0.001024607171846048
0.9	-0.0009159505774953836
0.9	0.0016492567819171855
0.9	-0.0007610197995138179
0.9	0.0013898511681526005
0.9	0.0007830816175583566
0.9	0.00023689048440778127
0.9	-0.00015483557395956637
0.9	3.6015140846279436e-06
0.9	-0.0008193963403870796
0.9	0.00042699638699217335
0.9	-0.0004797148057709144
0.9	0.0006016173641950617
0.9	-0.0006803591860908842
0.9	0.00029539821709823055
0.9	0.0001367563898715396
0.9	-0.00025477948976826426
0.9	0.0002469699568126149
0.9	0.0014072524267276787
0.9	0.0002734688409680164
0.9	-0.00010778898798569081
0.9	-0.00010167436423058618
0.9	0.00012044230301444525
0.9	0.0013085902118524784
0.9	-0.0006732698610867338
0.9	-8.171121674016568e-05
0.9	-0.00039775193889513005
0.9	-0.0014702275684239652
0.9	-0.0003571465749898639
